Time 	Number in Queue
0.1		4
0.2		3
0.3		2
0.4		5
0.5		3
0.6		4
0.7		4
0.7999		4
0.9		3
0.9999		3
1.0999		5
1.2		5
1.3		3
1.4		4
1.5		5
1.6		5
1.7		3
1.8		0
1.9		1
2.0		4
2.1		5
2.2		4
2.3		5
2.4		5
2.5		3
2.6		4
2.7		3
2.8		3
2.9		3
3.0		5
3.1		3
3.2		0
3.3		1
3.4		3
3.5		2
3.6		5
3.7		3
3.8		2
3.9		4
4.0		5
4.1		4
4.2		5
4.3		5
4.4		4
4.5		4
4.6		5
4.6999		5
4.7999		5
4.8999		4
4.9999		2
5.0999		5
5.1999		4
5.2999		4
5.3999		2
5.4999		3
5.5999		2
5.6999		3
5.7999		4
5.8999		4
5.9999		5
6.0999		5
6.1999		4
6.2999		3
6.3999		5
6.4999		4
6.5999		5
6.6999		4
6.7999		4
6.8999		5
6.9999		4
7.0999		4
7.1999		4
7.2999		5
7.3999		2
7.4999		3
7.5999		2
7.6999		1
7.7999		4
7.8999		3
7.9999		3
8.0999		5
8.1999		4
8.2999		4
8.3999		3
8.4999		3
8.5999		4
8.6999		5
8.7999		3
8.8999		4
8.9999		5
9.0999		4
9.1999		4
9.2999		4
9.3999		3
9.4999		2
9.5999		1
9.6999		2
9.7999		3
9.8999		5
9.9999		4
10.0999		4
10.1999		5
10.2999		4
10.3999		4
10.4999		4
10.5999		3
10.6999		3
10.7999		3
10.8999		0
10.9999		1
11.0999		1
11.1999		4
11.2999		4
11.3999		4
11.4999		5
11.5999		3
11.6999		5
11.7999		2
11.8999		1
11.9999		5
12.0999		2
12.1999		1
12.2999		2
12.3999		0
12.4999		0
12.5999		5
12.6999		3
12.7999		5
12.8999		5
12.9999		4
13.0999		3
13.1999		5
13.2999		4
13.3999		5
13.4999		4
13.5999		5
13.6999		3
13.7999		5
13.8999		3
13.9999		5
14.0999		5
14.1999		4
14.2999		5
14.3999		4
14.4999		3
14.5999		4
14.6999		4
14.7999		1
14.8999		5
14.9999		4
15.0999		4
15.1999		4
15.2999		5
15.3999		4
15.4999		5
15.5999		3
15.6999		5
15.7999		4
15.8999		5
15.9999		3
16.0999		5
16.1999		5
16.2999		5
16.3999		4
16.4999		5
16.5999		5
16.6999		5
16.7999		5
16.8999		4
16.9999		3
17.0999		4
17.1999		1
17.2999		2
17.3999		2
17.4999		3
17.5999		4
17.6999		5
17.7999		5
17.8999		3
17.9999		4
18.0999		5
18.1999		3
18.2999		5
18.3999		5
18.4999		4
18.5999		2
18.6999		5
18.7999		5
18.9		4
19.0		5
19.1		3
19.2		0
19.3		3
19.4		1
19.5		4
19.6		5
19.7		3
19.8		4
19.9		5
20.0		5
20.1		5
20.2		4
20.3		4
20.4		5
20.5		5
20.6		4
20.7		5
20.8		4
20.9		4
21.0		4
21.1		4
21.2		4
21.3		3
21.4		4
21.5		4
21.6		5
21.7		5
21.8		4
21.9		4
22.0		4
22.1		1
22.2		3
22.3		5
22.4		5
22.5		4
22.6		4
22.7		4
22.8		4
22.9		5
23.0		5
23.1		4
23.2		5
23.3		5
23.4		5
23.5		5
23.6		5
23.7		2
23.8		5
23.9		5
24.0		4
24.1		5
24.2		5
24.3		3
24.4		4
24.5		5
24.6		4
24.7		5
24.8		4
24.9		5
25.0		4
25.1		5
25.2		4
25.3		3
25.4		5
25.5		4
25.6		4
25.7		2
25.8		3
25.9		2
26.0		5
26.1		5
26.2		4
26.3		5
26.4		1
26.5		2
26.6		3
26.7		4
26.8		5
26.9		3
27.0		3
27.1		4
27.2		5
27.3		5
27.4		4
27.5		3
27.6		4
27.7		3
27.8		2
27.9		0
28.0		4
28.1		4
28.2		4
28.3		5
28.4		4
28.5		5
28.6		5
28.7		3
28.8		5
28.9		5
29.0		1
29.1		2
29.2		4
29.3		4
29.4		4
29.5		4
29.6		4
29.7		4
29.8		2
29.9		2
30.0		2
30.1		3
30.2		2
30.3		2
30.4		4
30.5		3
30.6		4
30.7		5
30.8		4
30.9		4
31.0		5
31.1		4
31.2		4
31.3		4
31.4		4
31.5		4
31.6		3
31.7		3
31.8		2
31.9		4
32.0		2
32.1		3
32.2		5
32.3		4
32.4		5
32.5		4
32.6		2
32.7		4
32.8		4
32.9		4
33.0		2
33.1		5
33.2		3
33.3		4
33.4		5
33.5		2
33.6		4
33.7		5
33.8		4
33.9		4
34.0		3
34.1		4
34.2		4
34.3		5
34.4		3
34.5		5
34.6		5
34.7		3
34.8		5
34.9		5
35.0		4
35.1		2
35.2		4
35.3		2
35.4		3
35.5		5
35.6		2
35.7		3
35.8		4
35.9		4
36.0		4
36.1		2
36.2		4
36.3		4
36.4		4
36.5		1
36.6		4
36.7		3
36.8		5
36.9		5
37.0		5
37.1		4
37.2		5
37.3		4
37.4		4
37.5		4
37.6		4
37.7		5
37.8		4
37.9		4
38.0		5
38.1		5
38.2		4
38.3		4
38.4		3
38.5		5
38.6		3
38.7		5
38.8		4
38.9		5
39.0		5
39.1		4
39.2		5
39.3		4
39.4		3
39.5		4
39.6		5
39.7		4
39.8		4
39.9		5
40.0		4
40.1		5
40.2		4
40.3		3
40.4		4
40.5		5
40.6		3
40.7		4
40.8		4
40.9		4
41.0		5
41.1		2
41.2		3
41.3		5
41.4		5
41.5		5
41.6		4
41.7		5
41.8		5
41.9		5
42.0		5
42.1		3
42.2		5
42.3		5
42.4		3
42.5		5
42.6		4
42.7		4
42.8		4
42.9		3
43.0		4
43.1		5
43.2		4
43.3		1
43.4		0
43.5		2
43.6		2
43.7		3
43.8		3
43.9		5
44.0		5
44.1		4
44.2		5
44.3		4
44.4		3
44.5		5
44.6		4
44.7		5
44.8		3
44.9		5
45.0		4
45.1		4
45.2		5
45.3		5
45.4		5
45.5		5
45.6		4
45.7		5
45.8		4
45.9		4
46.0		5
46.1		5
46.2		3
46.3		3
46.4		5
46.5		4
46.6		4
46.7		4
46.8		4
46.9		5
47.0		5
47.1		4
47.2		4
47.3		5
47.4		5
47.5		4
47.6		5
47.7		3
47.8		3
47.9		4
48.0		5
48.1		2
48.2		4
48.3		4
48.4		4
48.5		4
48.6		5
48.7		3
48.8		5
48.9		5
49.0		5
49.1		4
49.2		3
49.3		2
49.4		1
49.5		1
49.6		2
49.7		3
49.8		3
49.9		5
50.0		3
50.1		5
50.2		5
50.3		4
50.4		3
50.5		4
50.6		2
50.7		5
50.8		4
50.9		5
51.0		3
51.1		4
51.2		4
51.3		3
51.4		4
51.5		2
51.6		3
51.7		5
51.8		5
51.9		4
52.0		4
52.1		5
52.2		5
52.3		3
52.4		5
52.5		3
52.6		3
52.7		3
52.8		5
52.9		4
53.0		5
53.1		4
53.2		4
53.3		5
53.4		4
53.5		2
53.6		3
53.7		2
53.8		2
53.9		4
54.0		4
54.1		4
54.2		4
54.3		5
54.4		4
54.5		5
54.6		5
54.7		4
54.8		3
54.9		4
55.0		4
55.1		4
55.2		4
55.3		3
55.4		2
55.5		4
55.6		4
55.7		5
55.8		4
55.9		4
56.0		2
56.1		3
56.2		4
56.3		2
56.4		1
56.5		3
56.6		4
56.7		3
56.8		4
56.9		3
57.0		5
57.1		4
57.2		5
57.3		5
57.4		4
57.5		4
57.6		4
57.7		3
57.8		3
57.9		5
58.0		3
58.1		1
58.2		4
58.3		4
58.4		4
58.5		3
58.6		2
58.7		2
58.8		4
58.9		4
59.0		1
59.1		4
59.2		2
59.3		4
59.4		5
59.5		3
59.6		4
59.7		5
59.8		3
59.9		4
60.0		5
60.1		4
60.2		3
60.3		5
60.4		3
60.5		4
60.6		4
60.7		4
60.8		4
60.9		5
61.0		4
61.1		4
61.2		5
61.3		3
61.4		4
61.5		4
61.6		4
61.7		1
61.8		3
61.9		5
62.0		4
62.1		5
62.2		4
62.3		3
62.4		5
62.5		5
62.6		4
62.7		4
62.8		4
62.9		4
63.0		4
63.1		4
63.2		4
63.3		4
63.4		4
63.5		3
63.6		3
63.7		5
63.8		4
63.9		4
64.0		5
64.1		4
64.2		4
64.3		5
64.4		3
64.5		2
64.6		3
64.7		2
64.8		5
64.9		5
65.0		4
65.1		2
65.2		5
65.3		5
65.4		4
65.5		4
65.6		4
65.7		5
65.8		5
65.9		2
66.0		5
66.1		5
66.2		5
66.3		3
66.4		5
66.5		4
66.6		2
66.7		0
66.8		3
66.9		5
67.0		3
67.1		5
67.2		4
67.3		5
67.4		5
67.5		3
67.6		5
67.7		5
67.8		3
67.9		5
68.0		4
68.1		5
68.2		3
68.3		3
68.4		2
68.5		1
68.6		2
68.7		3
68.8		5
68.9		4
69.0		4
69.1		5
69.2		5
69.3		4
69.4		3
69.5		5
69.6		4
69.7		4
69.8		4
69.9		4
70.0		3
70.1		5
70.2		3
70.3		2
70.4		5
70.5		5
70.6		5
70.7		4
70.8		4
70.9		5
71.0		4
71.1		4
71.2		4
71.3		3
71.4		5
71.5		5
71.6		5
71.7		4
71.8		5
71.9		3
72.0		3
72.1		2
72.2		4
72.3		3
72.4		5
72.5		5
72.6		3
72.7		4
72.8		5
72.9		2
73.0		5
73.1		5
73.2		4
73.3		4
73.4		5
73.5		3
73.6		4
73.7		5
73.8		4
73.9		5
74.0		5
74.1		3
74.2		4
74.3		5
74.4		4
74.5		5
74.6		5
74.7		4
74.8		5
74.9		5
75.0		3
75.1		2
75.2		3
75.3		3
75.3999		2
75.4999		5
75.5999		4
75.6999		3
75.7999		5
75.8999		5
75.9999		4
76.0999		5
76.1999		4
76.2999		5
76.3999		5
76.4999		2
76.5999		1
76.6999		5
76.7999		5
76.8999		4
76.9999		4
77.0999		5
77.1999		3
77.2999		4
77.3999		5
77.4999		5
77.5999		3
77.6999		4
77.7999		3
77.8999		4
77.9999		4
78.0999		5
78.1999		5
78.2999		4
78.3999		5
78.4999		4
78.5999		2
78.6999		3
78.7999		3
78.8999		3
78.9999		5
79.0999		3
79.1999		4
79.2999		5
79.3999		4
79.4999		4
79.5999		4
79.6999		5
79.7999		5
79.8999		4
79.9999		3
80.0999		4
80.1999		4
80.2999		3
80.3999		4
80.4999		5
80.5999		5
80.6999		4
80.7999		3
80.8999		5
80.9999		5
81.0999		5
81.1999		5
81.2999		4
81.3999		5
81.4999		3
81.5999		4
81.6999		2
81.7999		2
81.8999		3
81.9999		5
82.0999		5
82.1999		4
82.2999		5
82.3999		5
82.4999		4
82.5999		4
82.6999		4
82.7999		5
82.8999		3
82.9999		5
83.0999		5
83.1999		5
83.2999		5
83.3999		4
83.4999		4
83.5999		4
83.6999		5
83.7999		5
83.8999		5
83.9999		5
84.0999		5
84.1999		4
84.2999		4
84.3999		5
84.4999		5
84.5999		5
84.6999		4
84.7999		1
84.8999		5
84.9999		4
85.0999		2
85.1999		5
85.2999		4
85.3999		4
85.4999		5
85.5999		4
85.6999		5
85.7999		5
85.8999		4
85.9999		4
86.0999		3
86.1999		5
86.2999		4
86.3999		5
86.4999		5
86.5999		3
86.6999		4
86.7999		5
86.8999		4
86.9999		5
87.0999		5
87.1999		4
87.2999		5
87.3999		5
87.4999		5
87.5999		5
87.6999		5
87.7999		4
87.8999		4
87.9999		5
88.0999		4
88.1999		5
88.2999		4
88.3999		4
88.4999		5
88.5999		5
88.6999		4
88.7999		5
88.8999		5
88.9999		4
89.0999		4
89.1999		5
89.2999		4
89.3999		4
89.4999		4
89.5999		4
89.6999		5
89.7999		4
89.8999		4
89.9999		5
90.0999		5
90.1999		4
90.2999		4
90.3999		5
90.4999		5
90.5999		5
90.6999		4
90.7999		5
90.8999		3
90.9999		5
91.0999		5
91.1999		4
91.2999		5
91.3999		4
91.4999		5
91.5999		5
91.6999		4
91.7999		5
91.8999		5
91.9999		5
92.0999		5
92.1999		5
92.2999		4
92.3999		4
92.4999		4
92.5999		4
92.6999		2
92.7999		4
92.8999		4
92.9999		4
93.0999		4
93.1999		4
93.2999		5
93.3999		4
93.4999		5
93.5999		5
93.6999		5
93.7999		4
93.8999		5
93.9999		3
94.0999		5
94.1999		4
94.2999		4
94.3999		4
94.4999		5
94.5999		5
94.6999		4
94.7999		4
94.8999		4
94.9999		4
95.0999		4
95.1999		4
95.2999		4
95.3999		4
95.4999		3
95.5999		3
95.6999		5
95.7999		4
95.8999		5
95.9999		4
96.0999		4
96.1999		4
96.2999		5
96.3999		3
96.4999		4
96.5999		5
96.6999		3
96.7999		5
96.8999		3
96.9999		1
97.0999		1
97.1999		4
97.2999		4
97.3999		5
97.4999		4
97.5999		4
97.6999		5
97.7999		5
97.8999		3
97.9999		4
98.0999		5
98.1999		2
98.2999		4
98.3999		5
98.4999		4
98.5999		2
98.6999		3
98.7999		4
98.8999		4
98.9999		4
99.0999		3
99.1999		4
99.2999		5
99.3999		4
99.4999		4
99.5999		5
99.6999		4
99.7999		5
99.8999		3
99.9999		4
