Lambda: 5.0	Ts: 0.0020	Simulation Time: 100.0

IAT   	Ts     	Arr   	Dep   	Tq     	Tw     	q 	w 	n 

0.1294	0.0013	0.0349	0.0363	0.0013	0.0	0.0069	0.0	1
0.0777	0.0010	0.1644	0.1654	0.0010	0.0	0.0052	0.0	1
0.19	7.0E-4	0.2421	0.2429	7.0E-4	0.0	0.0037	0.0	1
0.0146	6.0E-4	0.4322	0.4329	6.0E-4	0.0	0.0033	0.0	1
0.1486	0.0020	0.4469	0.449	0.0020	0.0	0.0103	0.0	1
0.111	5.0E-4	0.5956	0.5961	5.0E-4	0.0	0.0028	0.0	1
0.0020	0.0017	0.7066	0.7084	0.0017	0.0	0.0088	0.0	1
0.9554	0.0014	0.7086	0.7101	0.0014	0.0	0.0072	0.0	1
0.1587	1.0E-4	1.6641	1.6642	1.0E-4	0.0	8.0E-4	0.0	1
0.4454	0.0019	1.8228	1.8248	0.0019	0.0	0.0098	0.0	1
0.1923	0.0026	2.2682	2.2709	0.0026	0.0	0.0134	0.0	1
0.0925	0.0025	2.4605	2.4631	0.0025	0.0	0.0128	0.0	1
0.0755	0.0	2.5531	2.5531	0.0	0.0	1.0E-4	0.0	1
0.0972	9.0E-4	2.6286	2.6296	9.0E-4	0.0	0.0049	0.0	1
0.4773	0.0029	2.7259	2.7288	0.0029	0.0	0.0145	0.0	1
0.3231	0.0027	3.2032	3.206	0.0027	0.0	0.0137	0.0	1
0.0225	0.0030	3.5264	3.5295	0.0030	0.0	0.0154	0.0	1
0.5415	0.0020	3.549	3.551	0.0020	0.0	0.0103	0.0	1
0.0592	0.0045	4.0905	4.0951	0.0045	0.0	0.0227	0.0	1
0.0595	0.0034	4.1498	4.1532	0.0034	0.0	0.017	0.0	1
0.1893	4.0E-4	4.2093	4.2098	4.0E-4	0.0	0.0021	0.0	1
0.02	4.0E-4	4.3987	4.3992	4.0E-4	0.0	0.0024	0.0	1
0.0248	0.0013	4.4187	4.4201	0.0013	0.0	0.0067	0.0	1
0.556	1.0E-4	4.4436	4.4438	1.0E-4	0.0	6.0E-4	0.0	1
0.3571	0.0050	4.9996	5.0046	0.0050	0.0	0.025	0.0	1
0.4299	0.0068	5.3568	5.3636	0.0068	0.0	0.0341	0.0	1
0.0641	0.0046	5.7867	5.7914	0.0046	0.0	0.0231	0.0	1
0.0801	0.0035	5.8509	5.8544	0.0035	0.0	0.0177	0.0	1
0.1159	0.0017	5.931	5.9327	0.0017	0.0	0.0085	0.0	1
0.2329	0.0023	6.047	6.0493	0.0023	0.0	0.0115	0.0	1
0.0502	9.0E-4	6.28	6.281	9.0E-4	0.0	0.0049	0.0	1
0.0902	2.0E-4	6.3302	6.3304	2.0E-4	0.0	0.0010	0.0	1
0.059	0.0	6.4204	6.4205	0.0	0.0	2.0E-4	0.0	1
0.23	0.0013	6.4795	6.4808	0.0013	0.0	0.0066	0.0	1
0.6993	6.0E-4	6.7095	6.7101	6.0E-4	0.0	0.0032	0.0	1
0.2819	0.0023	7.4088	7.4112	0.0023	0.0	0.0119	0.0	1
0.2946	0.0029	7.6907	7.6937	0.0029	0.0	0.0148	0.0	1
0.1235	0.0081	7.9854	7.9935	0.0081	0.0	0.0407	0.0	1
0.3521	0.0042	8.1089	8.1131	0.0042	0.0	0.021	0.0	1
0.5292	0.0	8.461	8.4611	0.0	0.0	2.0E-4	0.0	1
0.4544	0.0022	8.9903	8.9926	0.0022	0.0	0.0113	0.0	1
0.412	0.0018	9.4447	9.4466	0.0018	0.0	0.0091	0.0	1
0.7383	1.0E-4	9.8567	9.8569	1.0E-4	0.0	5.0E-4	0.0	1
0.0192	0.0010	10.5951	10.5961	0.0010	0.0	0.0053	0.0	1
0.0892	6.0E-4	10.6144	10.615	6.0E-4	0.0	0.0034	0.0	1
0.0789	0.0036	10.7036	10.7073	0.0036	0.0	0.0182	0.0	1
0.3806	7.0E-4	10.7825	10.7833	7.0E-4	0.0	0.0038	0.0	1
0.0911	0.0014	11.1632	11.1646	0.0014	0.0	0.0070	0.0	1
0.1096	0.0014	11.2543	11.2558	0.0014	0.0	0.0073	0.0	1
0.0035	8.0E-4	11.3639	11.3648	8.0E-4	0.0	0.0044	0.0	1
0.2309	0.0028	11.3675	11.3703	0.0028	0.0	0.0142	0.0	1
0.0128	2.0E-4	11.5984	11.5987	2.0E-4	0.0	0.0011	0.0	1
0.3802	0.0015	11.6113	11.6129	0.0015	0.0	0.0077	0.0	1
0.37	3.0E-4	11.9916	11.9919	3.0E-4	0.0	0.0015	0.0	1
0.2438	0.0010	12.3616	12.3627	0.0010	0.0	0.0052	0.0	1
0.1282	0.0015	12.6055	12.607	0.0015	0.0	0.0075	0.0	1
0.0763	0.0085	12.7338	12.7424	0.0085	0.0	0.0429	0.0	1
0.7165	4.0E-4	12.8101	12.8105	4.0E-4	0.0	0.0021	0.0	1
0.3503	0.0024	13.5266	13.5291	0.0024	0.0	0.0122	0.0	1
0.3134	6.0E-4	13.8769	13.8776	6.0E-4	0.0	0.0032	0.0	1
0.2072	0.0058	14.1903	14.1962	0.0058	0.0	0.0291	0.0	1
0.0803	0.0010	14.3976	14.3986	0.0010	0.0	0.0050	0.0	1
0.4271	2.0E-4	14.4779	14.4782	2.0E-4	0.0	0.0012	0.0	1
0.0041	0.0021	14.9051	14.9073	0.0021	0.0	0.0109	0.0	1
0.1762	7.0E-4	14.9093	14.9101	7.0E-4	0.0	0.0038	0.0	1
0.1267	0.0021	15.0856	15.0878	0.0021	0.0	0.0108	0.0	1
0.225	5.0E-4	15.2124	15.2129	5.0E-4	0.0	0.0026	0.0	1
1.0115	0.0024	15.4375	15.4399	0.0024	0.0	0.012	0.0	1
0.01	0.0012	16.449	16.4503	0.0012	0.0	0.0063	0.0	1
0.167	9.0E-4	16.459	16.46	9.0E-4	0.0	0.0049	0.0	1
0.1124	0.0028	16.6261	16.6289	0.0028	0.0	0.014	0.0	1
0.3848	6.0E-4	16.7385	16.7391	6.0E-4	0.0	0.0030	0.0	1
0.6494	7.0E-4	17.1234	17.1241	7.0E-4	0.0	0.0035	0.0	1
0.158	0.0031	17.7728	17.776	0.0031	0.0	0.0159	0.0	1
0.1076	5.0E-4	17.9309	17.9314	5.0E-4	0.0	0.0028	0.0	1
0.1951	0.0015	18.0385	18.0401	0.0015	0.0	0.0077	0.0	1
0.0398	3.0E-4	18.2337	18.2341	3.0E-4	0.0	0.0017	0.0	1
0.1636	0.0032	18.2736	18.2768	0.0032	0.0	0.016	0.0	1
0.3432	0.0019	18.4373	18.4393	0.0019	0.0	0.0098	0.0	1
0.2473	1.0E-4	18.7806	18.7807	1.0E-4	0.0	7.0E-4	0.0	1
0.0306	5.0E-4	19.0279	19.0284	5.0E-4	0.0	0.0025	0.0	1
0.071	0.0011	19.0586	19.0597	0.0011	0.0	0.0056	0.0	1
0.0318	0.0020	19.1297	19.1317	0.0020	0.0	0.01	0.0	1
0.1298	2.0E-4	19.1615	19.1617	2.0E-4	0.0	0.0010	0.0	1
0.034	4.0E-4	19.2913	19.2918	4.0E-4	0.0	0.0021	0.0	1
0.487	0.0059	19.3254	19.3313	0.0059	0.0	0.0296	0.0	1
0.2497	0.0039	19.8124	19.8164	0.0039	0.0	0.0199	0.0	1
0.0537	0.0031	20.0622	20.0653	0.0031	0.0	0.0155	0.0	1
0.1583	0.0018	20.1159	20.1178	0.0018	0.0	0.0091	0.0	1
0.1278	2.0E-4	20.2743	20.2746	2.0E-4	0.0	0.0014	0.0	1
0.0058	1.0E-4	20.4022	20.4023	1.0E-4	0.0	7.0E-4	0.0	1
0.0602	0.0029	20.408	20.411	0.0029	0.0	0.0149	0.0	1
0.0078	0.0041	20.4683	20.4724	0.0041	0.0	0.0208	0.0	1
0.0618	0.0012	20.4761	20.4774	0.0012	0.0	0.0064	0.0	1
0.0249	0.0032	20.538	20.5412	0.0032	0.0	0.0161	0.0	1
0.2535	0.0	20.5629	20.5629	0.0	0.0	0.0	0.0	1
0.0179	2.0E-4	20.8164	20.8167	2.0E-4	0.0	0.0011	0.0	1
0.0954	4.0E-4	20.8344	20.8348	4.0E-4	0.0	0.0020	0.0	1
0.0163	0.0020	20.9298	20.9319	0.0020	0.0	0.0101	0.0	1
0.1827	0.0023	20.9462	20.9486	0.0023	0.0	0.0118	0.0	1
0.0117	3.0E-4	21.129	21.1293	3.0E-4	0.0	0.0015	0.0	1
0.0766	5.0E-4	21.1407	21.1413	5.0E-4	0.0	0.0029	0.0	1
0.1167	0.0013	21.2174	21.2188	0.0013	0.0	0.0069	0.0	1
0.0040	2.0E-4	21.3341	21.3344	2.0E-4	0.0	0.0014	0.0	1
0.1212	7.0E-4	21.3381	21.3388	7.0E-4	0.0	0.0036	0.0	1
0.2124	1.0E-4	21.4594	21.4595	1.0E-4	0.0	7.0E-4	0.0	1
0.0233	0.0041	21.6718	21.676	0.0041	0.0	0.0208	0.0	1
0.1478	0.0012	21.6952	21.6964	0.0012	0.0	0.0063	0.0	1
0.1827	1.0E-4	21.843	21.8432	1.0E-4	0.0	8.0E-4	0.0	1
0.5415	2.0E-4	22.0258	22.0261	2.0E-4	0.0	0.0014	0.0	1
0.5903	0.0045	22.5674	22.5719	0.0045	0.0	0.0225	0.0	1
0.049	0.0025	23.1577	23.1603	0.0025	0.0	0.0128	0.0	1
0.1182	0.0013	23.2067	23.2081	0.0013	0.0	0.0068	0.0	1
0.0819	1.0E-4	23.3249	23.3251	1.0E-4	0.0	7.0E-4	0.0	1
0.0752	0.0019	23.4068	23.4088	0.0019	0.0	0.0098	0.0	1
0.4469	0.0024	23.4821	23.4846	0.0024	0.0	0.0124	0.0	1
0.1271	0.0043	23.929	23.9334	0.0043	0.0	0.0216	0.0	1
0.3516	0.0056	24.0561	24.0618	0.0056	0.0	0.0283	0.0	1
0.018	0.0	24.4078	24.4078	0.0	0.0	0.0	0.0	1
0.1208	0.0022	24.4259	24.4281	0.0022	0.0	0.0112	0.0	1
0.3063	0.0012	24.5468	24.548	0.0012	0.0	0.0061	0.0	1
0.3077	9.0E-4	24.8531	24.8541	9.0E-4	0.0	0.0048	0.0	1
0.8491	6.0E-4	25.1608	25.1615	6.0E-4	0.0	0.0032	0.0	1
0.0702	0.0020	26.01	26.0121	0.0020	0.0	0.0103	0.0	1
0.5121	0.0035	26.0802	26.0838	0.0035	0.0	0.0177	0.0	1
0.0835	8.0E-4	26.5924	26.5933	8.0E-4	0.0	0.0042	0.0	1
0.0548	0.0036	26.676	26.6797	0.0036	0.0	0.0183	0.0	1
0.1357	0.0063	26.7309	26.7373	0.0063	0.0	0.0319	0.0	1
0.7109	7.0E-4	26.8666	26.8673	7.0E-4	0.0	0.0036	0.0	1
0.5401	6.0E-4	27.5775	27.5781	6.0E-4	0.0	0.0030	0.0	1
0.4604	0.0044	28.1177	28.1221	0.0044	0.0	0.022	0.0	1
0.4391	0.0012	28.5781	28.5793	0.0012	0.0	0.0060	0.0	1
0.6137	0.0027	29.0172	29.02	0.0027	0.0	0.0136	0.0	1
0.3121	0.0071	29.631	29.6382	0.0071	0.0	0.0358	0.0	1
0.0865	7.0E-4	29.9431	29.9439	7.0E-4	0.0	0.0038	0.0	1
0.132	4.0E-4	30.0297	30.0301	4.0E-4	0.0	0.0020	0.0	1
0.2186	3.0E-4	30.1618	30.1621	3.0E-4	0.0	0.0016	0.0	1
0.0892	0.0029	30.3804	30.3834	0.0029	0.0	0.0147	0.0	1
0.3477	0.0019	30.4697	30.4717	0.0019	0.0	0.0097	0.0	1
0.2422	0.0029	30.8174	30.8204	0.0029	0.0	0.0148	0.0	1
0.0935	0.0011	31.0596	31.0608	0.0011	0.0	0.0058	0.0	1
0.4546	8.0E-4	31.1532	31.154	8.0E-4	0.0	0.0042	0.0	1
0.6076	0.0044	31.6078	31.6123	0.0044	0.0	0.0223	0.0	1
0.1118	0.0020	32.2154	32.2175	0.0020	0.0	0.0103	0.0	1
0.013	0.0066	32.3273	32.3339	0.0066	0.0	0.0331	0.0	1
0.2482	0.0015	32.3403	32.3419	0.0015	0.0	0.0078	0.0	1
0.2287	2.0E-4	32.5886	32.5888	2.0E-4	0.0	0.0010	0.0	1
0.4682	0.0039	32.8173	32.8213	0.0039	0.0	0.0197	0.0	1
0.0313	0.0022	33.2856	33.2878	0.0022	0.0	0.0112	0.0	1
0.3339	2.0E-4	33.317	33.3172	2.0E-4	0.0	0.0013	0.0	1
0.0169	5.0E-4	33.6509	33.6515	5.0E-4	0.0	0.0026	0.0	1
0.3974	5.0E-4	33.6679	33.6684	5.0E-4	0.0	0.0027	0.0	1
0.3399	4.0E-4	34.0654	34.0658	4.0E-4	0.0	0.0022	0.0	1
0.555	2.0E-4	34.4053	34.4055	2.0E-4	0.0	0.0010	0.0	1
0.3857	1.0E-4	34.9603	34.9605	1.0E-4	0.0	7.0E-4	0.0	1
0.1448	0.0062	35.3461	35.3523	0.0062	0.0	0.031	0.0	1
0.1345	0.0	35.491	35.4911	0.0	0.0	3.0E-4	0.0	1
0.0462	2.0E-4	35.6256	35.6259	2.0E-4	0.0	0.0014	0.0	1
0.1843	0.0015	35.6718	35.6733	0.0015	0.0	0.0076	0.0	1
0.0542	0.0042	35.8561	35.8604	0.0042	0.0	0.0211	0.0	1
0.6493	0.0021	35.9104	35.9125	0.0021	0.0	0.0107	0.0	1
0.4175	5.0E-4	36.5597	36.5602	5.0E-4	0.0	0.0026	0.0	1
0.0297	0.0097	36.9772	36.987	0.0097	0.0	0.0488	0.0	1
0.0184	6.0E-4	37.007	37.0077	6.0E-4	0.0	0.0034	0.0	1
0.0612	9.0E-4	37.0254	37.0263	9.0E-4	0.0	0.0047	0.0	1
0.6254	0.0023	37.0867	37.089	0.0023	0.0	0.0117	0.0	1
0.1061	0.0058	37.7121	37.718	0.0058	0.0	0.0294	0.0	1
0.1426	0.0029	37.8183	37.8212	0.0029	0.0	0.0146	0.0	1
0.0891	1.0E-4	37.9609	37.961	1.0E-4	0.0	6.0E-4	0.0	1
0.2127	0.0049	38.05	38.055	0.0049	0.0	0.0248	0.0	1
0.3562	0.0054	38.2628	38.2682	0.0054	0.0	0.027	0.0	1
0.3591	7.0E-4	38.619	38.6197	7.0E-4	0.0	0.0038	0.0	1
0.0225	4.0E-4	38.9781	38.9786	4.0E-4	0.0	0.0024	0.0	1
0.4642	0.0028	39.0006	39.0034	0.0028	0.0	0.014	0.0	1
0.0093	0.0018	39.4648	39.4667	0.0018	0.0	0.0094	0.0	1
0.1171	3.0E-4	39.4741	39.4744	3.0E-4	0.0	0.0015	0.0	1
0.0391	0.0050	39.5913	39.5963	0.0050	0.0	0.025	0.0	1
0.1145	6.0E-4	39.6305	39.6312	6.0E-4	0.0	0.0034	0.0	1
0.1301	8.0E-4	39.745	39.7459	8.0E-4	0.0	0.0043	0.0	1
0.2524	0.0016	39.8752	39.8768	0.0016	0.0	0.0082	0.0	1
0.3855	0.0020	40.1276	40.1296	0.0020	0.0	0.0101	0.0	1
0.0429	9.0E-4	40.5132	40.5141	9.0E-4	0.0	0.0045	0.0	1
0.0384	0.0033	40.5562	40.5595	0.0033	0.0	0.0167	0.0	1
0.0236	0.0052	40.5946	40.5999	0.0052	0.0	0.0263	0.0	1
0.407	0.0	40.6183	40.6184	0.0	0.0	4.0E-4	0.0	1
0.8785	4.0E-4	41.0253	41.0258	4.0E-4	0.0	0.0021	0.0	1
0.2779	6.0E-4	41.9038	41.9044	6.0E-4	0.0	0.0030	0.0	1
1.1993	0.0023	42.1818	42.1841	0.0023	0.0	0.0115	0.0	1
0.2604	2.0E-4	43.3812	43.3815	2.0E-4	0.0	0.0013	0.0	1
0.2522	0.0041	43.6416	43.6458	0.0041	0.0	0.0208	0.0	1
0.1398	0.0026	43.8939	43.8966	0.0026	0.0	0.0133	0.0	1
0.0235	0.0031	44.0337	44.0369	0.0031	0.0	0.0159	0.0	1
0.0404	0.0010	44.0573	44.0583	0.0010	0.0	0.0052	0.0	1
0.1776	0.0024	44.0978	44.1002	0.0024	0.0	0.0123	0.0	1
0.7598	4.0E-4	44.2754	44.2759	4.0E-4	0.0	0.0023	0.0	1
0.2669	4.0E-4	45.0353	45.0358	4.0E-4	0.0	0.0024	0.0	1
0.3082	0.0081	45.3022	45.3103	0.0081	0.0	0.0405	0.0	1
0.0213	0.0013	45.6105	45.6118	0.0013	0.0	0.0068	0.0	1
0.1599	8.0E-4	45.6318	45.6327	8.0E-4	0.0	0.0044	0.0	1
0.7962	4.0E-4	45.7917	45.7921	4.0E-4	0.0	0.0021	0.0	1
0.2356	0.0022	46.588	46.5902	0.0022	0.0	0.0113	0.0	1
0.2896	8.0E-4	46.8236	46.8244	8.0E-4	0.0	0.0040	0.0	1
0.3388	0.0022	47.1133	47.1155	0.0022	0.0	0.0111	0.0	1
0.2825	0.0012	47.4521	47.4534	0.0012	0.0	0.0063	0.0	1
0.0323	0.0020	47.7347	47.7367	0.0020	0.0	0.01	0.0	1
0.3322	0.0019	47.7671	47.769	0.0019	0.0	0.0097	0.0	1
0.3662	0.0051	48.0993	48.1045	0.0051	0.0	0.0259	0.0	1
0.0799	0.0029	48.4656	48.4686	0.0029	0.0	0.0147	0.0	1
0.0826	0.0077	48.5456	48.5534	0.0077	0.0	0.0389	0.0	1
0.089	2.0E-4	48.6283	48.6286	2.0E-4	0.0	0.0013	0.0	1
0.1692	6.0E-4	48.7174	48.718	6.0E-4	0.0	0.0033	0.0	1
0.1629	2.0E-4	48.8866	48.8868	2.0E-4	0.0	0.0010	0.0	1
0.1375	0.0013	49.0495	49.0509	0.0013	0.0	0.0069	0.0	1
0.3361	0.0013	49.1871	49.1885	0.0013	0.0	0.0067	0.0	1
0.7077	0.0016	49.5233	49.5249	0.0016	0.0	0.0083	0.0	1
0.0362	0.0025	50.231	50.2335	0.0025	0.0	0.0126	0.0	1
0.1392	0.0011	50.2673	50.2685	0.0011	0.0	0.0059	0.0	1
0.1128	0.0011	50.4065	50.4077	0.0011	0.0	0.0059	0.0	1
0.2123	0.0011	50.5194	50.5205	0.0011	0.0	0.0056	0.0	1
0.2351	0.0040	50.7317	50.7358	0.0040	0.0	0.0202	0.0	1
0.0797	0.0035	50.9669	50.9705	0.0035	0.0	0.0178	0.0	1
0.0838	0.0019	51.0466	51.0485	0.0019	0.0	0.0097	0.0	1
0.0196	0.0013	51.1305	51.1319	0.0013	0.0	0.0069	0.0	1
0.5696	0.0016	51.1502	51.1518	0.0016	0.0	0.0084	0.0	1
0.017	0.0068	51.7198	51.7266	0.0068	0.0	0.034	0.0	1
0.1344	0.0026	51.7369	51.7396	0.0026	0.0	0.0133	0.0	1
0.2362	0.0025	51.8714	51.8739	0.0025	0.0	0.0126	0.0	1
0.0202	1.0E-4	52.1076	52.1078	1.0E-4	0.0	9.0E-4	0.0	1
0.1371	0.0108	52.1278	52.1387	0.0108	0.0	0.0541	0.0	1
0.0507	0.0015	52.265	52.2666	0.0015	0.0	0.0077	0.0	1
0.0639	9.0E-4	52.3157	52.3167	9.0E-4	0.0	0.0049	0.0	1
0.3224	0.0047	52.3797	52.3844	0.0047	0.0	0.0236	0.0	1
0.0229	0.0023	52.7022	52.7045	0.0023	0.0	0.0116	0.0	1
0.1633	0.0035	52.7251	52.7287	0.0035	0.0	0.0178	0.0	1
0.3031	0.0030	52.8885	52.8916	0.0030	0.0	0.0154	0.0	1
0.4256	5.0E-4	53.1916	53.1921	5.0E-4	0.0	0.0026	0.0	1
0.1423	0.0032	53.6173	53.6206	0.0032	0.0	0.0163	0.0	1
0.0715	8.0E-4	53.7596	53.7605	8.0E-4	0.0	0.0041	0.0	1
0.0583	5.0E-4	53.8312	53.8318	5.0E-4	0.0	0.0027	0.0	1
0.1501	0.0013	53.8896	53.8909	0.0013	0.0	0.0065	0.0	1
0.0898	0.0027	54.0398	54.0426	0.0027	0.0	0.0138	0.0	1
0.1699	9.0E-4	54.1296	54.1306	9.0E-4	0.0	0.0047	0.0	1
0.0922	0.0	54.2996	54.2996	0.0	0.0	1.0E-4	0.0	1
0.0152	4.0E-4	54.3918	54.3923	4.0E-4	0.0	0.0020	0.0	1
0.0221	7.0E-4	54.4071	54.4079	7.0E-4	0.0	0.0037	0.0	1
0.113	0.0014	54.4293	54.4307	0.0014	0.0	0.0073	0.0	1
0.0222	0.0014	54.5424	54.5438	0.0014	0.0	0.0072	0.0	1
0.2525	6.0E-4	54.5646	54.5653	6.0E-4	0.0	0.0033	0.0	1
0.147	0.0029	54.8172	54.8201	0.0029	0.0	0.0145	0.0	1
0.1875	0.0025	54.9642	54.9668	0.0025	0.0	0.0129	0.0	1
0.0757	0.0016	55.1517	55.1533	0.0016	0.0	0.0081	0.0	1
0.3449	0.0028	55.2274	55.2303	0.0028	0.0	0.0142	0.0	1
0.1789	0.0017	55.5724	55.5742	0.0017	0.0	0.0088	0.0	1
0.1705	0.0019	55.7513	55.7533	0.0019	0.0	0.0099	0.0	1
0.0671	0.0028	55.9219	55.9247	0.0028	0.0	0.0141	0.0	1
0.2015	0.0	55.989	55.9891	0.0	0.0	4.0E-4	0.0	1
0.078	0.0015	56.1906	56.1922	0.0015	0.0	0.0078	0.0	1
0.117	0.0058	56.2686	56.2745	0.0058	0.0	0.0294	0.0	1
0.1629	6.0E-4	56.3857	56.3863	6.0E-4	0.0	0.0030	0.0	1
0.1617	0.0029	56.5486	56.5516	0.0029	0.0	0.0146	0.0	1
0.1222	0.0088	56.7104	56.7192	0.0088	0.0	0.0441	0.0	1
0.1179	4.0E-4	56.8326	56.8331	4.0E-4	0.0	0.0024	0.0	1
0.1705	0.0010	56.9506	56.9516	0.0010	0.0	0.0051	0.0	1
0.071	0.0018	57.1212	57.123	0.0018	0.0	0.0093	0.0	1
0.0582	0.0014	57.1922	57.1937	0.0014	0.0	0.0073	0.0	1
0.5922	8.0E-4	57.2504	57.2512	8.0E-4	0.0	0.0041	0.0	1
0.598	0.0063	57.8427	57.849	0.0063	0.0	0.0319	0.0	1
0.1817	9.0E-4	58.4407	58.4417	9.0E-4	0.0	0.0049	0.0	1
0.281	0.0010	58.6225	58.6236	0.0010	0.0	0.0054	0.0	1
0.0646	0.0016	58.9035	58.9052	0.0016	0.0	0.0084	0.0	1
0.1073	3.0E-4	58.9682	58.9685	3.0E-4	0.0	0.0017	0.0	1
0.06	0.0031	59.0755	59.0787	0.0031	0.0	0.0158	0.0	1
0.0547	0.0012	59.1355	59.1368	0.0012	0.0	0.0062	0.0	1
0.337	0.0	59.1903	59.1904	0.0	0.0	2.0E-4	0.0	1
0.2657	0.0017	59.5274	59.5291	0.0017	0.0	0.0086	0.0	1
0.2732	2.0E-4	59.7931	59.7934	2.0E-4	0.0	0.0014	0.0	1
0.2748	1.0E-4	60.0664	60.0665	1.0E-4	0.0	9.0E-4	0.0	1
0.0282	0.0028	60.3412	60.3441	0.0028	0.0	0.0143	0.0	1
0.0331	0.0015	60.3694	60.3709	0.0015	0.0	0.0076	0.0	1
0.1774	3.0E-4	60.4025	60.4029	3.0E-4	0.0	0.0018	0.0	1
0.4323	0.0049	60.58	60.5849	0.0049	0.0	0.0247	0.0	1
0.0232	1.0E-4	61.0123	61.0124	1.0E-4	0.0	7.0E-4	0.0	1
0.0352	0.0023	61.0355	61.0378	0.0023	0.0	0.0116	0.0	1
0.0699	0.0081	61.0707	61.0789	0.0081	0.0	0.0407	0.0	1
0.0802	5.0E-4	61.1407	61.1412	5.0E-4	0.0	0.0025	0.0	1
0.0788	0.0014	61.2209	61.2223	0.0014	0.0	0.0071	0.0	1
0.2121	0.0057	61.2998	61.3055	0.0057	0.0	0.0285	0.0	1
0.1723	4.0E-4	61.5119	61.5124	4.0E-4	0.0	0.0023	0.0	1
0.2413	0.0034	61.6843	61.6878	0.0034	0.0	0.0174	0.0	1
0.0363	0.0025	61.9256	61.9282	0.0025	0.0	0.0129	0.0	1
0.2739	0.0035	61.9619	61.9655	0.0035	0.0	0.0175	0.0	1
0.0068	6.0E-4	62.2359	62.2366	6.0E-4	0.0	0.0032	0.0	1
0.2566	8.0E-4	62.2428	62.2436	8.0E-4	0.0	0.0040	0.0	1
0.1069	7.0E-4	62.4994	62.5001	7.0E-4	0.0	0.0037	0.0	1
0.3596	0.0060	62.6064	62.6124	0.0060	0.0	0.0301	0.0	1
0.2054	0.0011	62.966	62.9672	0.0011	0.0	0.0058	0.0	1
0.4139	0.0088	63.1714	63.1802	0.0088	0.0	0.044	0.0	1
0.0723	1.0E-4	63.5854	63.5855	1.0E-4	0.0	7.0E-4	0.0	1
0.2282	6.0E-4	63.6577	63.6583	6.0E-4	0.0	0.0030	0.0	1
0.2276	0.0024	63.8859	63.8883	0.0024	0.0	0.012	0.0	1
0.5121	9.0E-4	64.1135	64.1145	9.0E-4	0.0	0.0045	0.0	1
0.0621	0.0010	64.6257	64.6267	0.0010	0.0	0.0051	0.0	1
0.1712	2.0E-4	64.6878	64.6881	2.0E-4	0.0	0.0013	0.0	1
0.5296	0.0063	64.8591	64.8654	0.0063	0.0	0.0316	0.0	1
0.0091	0.0022	65.3887	65.3909	0.0022	0.0	0.0111	0.0	1
0.4251	0.0041	65.3979	65.4021	0.0041	0.0	0.0207	0.0	1
0.4335	0.0016	65.823	65.8247	0.0016	0.0	0.0083	0.0	1
0.0678	0.0066	66.2566	66.2632	0.0066	0.0	0.0332	0.0	1
0.115	0.0012	66.3244	66.3256	0.0012	0.0	0.0062	0.0	1
0.2597	0.0	66.4395	66.4395	0.0	0.0	0.0	0.0	1
0.1522	0.0	66.6992	66.6993	0.0	0.0	1.0E-4	0.0	1
0.0298	0.0046	66.8515	66.8562	0.0046	0.0	0.0232	0.0	1
0.1887	0.0	66.8814	66.8815	0.0	0.0	1.0E-4	0.0	1
0.0401	0.0049	67.0702	67.0751	0.0049	0.0	0.0245	0.0	1
0.0457	0.0017	67.1103	67.1121	0.0017	0.0	0.0088	0.0	1
0.0225	0.0023	67.1561	67.1585	0.0023	0.0	0.0118	0.0	1
0.3043	0.0019	67.1786	67.1806	0.0019	0.0	0.0096	0.0	1
0.0853	9.0E-4	67.483	67.4839	9.0E-4	0.0	0.0046	0.0	1
0.0851	0.0022	67.5683	67.5706	0.0022	0.0	0.0112	0.0	1
0.0095	8.0E-4	67.6535	67.6543	8.0E-4	0.0	0.0043	0.0	1
0.0090	0.0019	67.663	67.6649	0.0019	0.0	0.0095	0.0	1
0.2003	8.0E-4	67.672	67.6729	8.0E-4	0.0	0.0043	0.0	1
0.0562	6.0E-4	67.8724	67.873	6.0E-4	0.0	0.0030	0.0	1
0.1005	0.0066	67.9286	67.9353	0.0066	0.0	0.033	0.0	1
0.0559	0.0039	68.0292	68.0331	0.0039	0.0	0.0195	0.0	1
0.2491	3.0E-4	68.0851	68.0854	3.0E-4	0.0	0.0016	0.0	1
0.2678	0.0011	68.3342	68.3353	0.0011	0.0	0.0055	0.0	1
0.0537	2.0E-4	68.6021	68.6024	2.0E-4	0.0	0.0014	0.0	1
0.2636	0.0054	68.6558	68.6612	0.0054	0.0	0.0271	0.0	1
0.3809	0.0023	68.9195	68.9218	0.0023	0.0	0.0115	0.0	1
0.0909	0.0033	69.3004	69.3037	0.0033	0.0	0.0166	0.0	1
0.2374	0.0	69.3913	69.3913	0.0	0.0	0.0	0.0	1
0.1105	0.0010	69.6287	69.6298	0.0010	0.0	0.0053	0.0	1
0.3673	0.0014	69.7392	69.7407	0.0014	0.0	0.0073	0.0	1
0.0012	2.0E-4	70.1066	70.1068	2.0E-4	0.0	0.0011	0.0	1
0.1538	1.0E-4	70.1078	70.108	1.0E-4	0.0	9.0E-4	0.0	1
0.3649	0.0038	70.2616	70.2655	0.0038	0.0	0.0193	0.0	1
0.0053	0.0026	70.6265	70.6292	0.0026	0.0	0.0131	0.0	1
0.0717	0.0028	70.6319	70.6348	0.0028	0.0	0.0144	0.0	1
0.0124	0.0019	70.7037	70.7056	0.0019	0.0	0.0097	0.0	1
0.0085	9.0E-4	70.7161	70.717	9.0E-4	0.0	0.0047	0.0	1
0.0373	0.0021	70.7247	70.7268	0.0021	0.0	0.0109	0.0	1
0.108	0.0014	70.762	70.7634	0.0014	0.0	0.0071	0.0	1
0.2234	4.0E-4	70.87	70.8705	4.0E-4	0.0	0.0021	0.0	1
0.2273	0.0	71.0935	71.0936	0.0	0.0	4.0E-4	0.0	1
0.0289	3.0E-4	71.3209	71.3213	3.0E-4	0.0	0.0019	0.0	1
0.578	9.0E-4	71.3498	71.3508	9.0E-4	0.0	0.0049	0.0	1
0.2731	0.0026	71.9278	71.9305	0.0026	0.0	0.0132	0.0	1
0.142	8.0E-4	72.201	72.2019	8.0E-4	0.0	0.0041	0.0	1
0.196	0.0	72.3431	72.3431	0.0	0.0	0.0	0.0	1
0.9157	0.0010	72.5391	72.5402	0.0010	0.0	0.0053	0.0	1
0.19	4.0E-4	73.4549	73.4554	4.0E-4	0.0	0.0023	0.0	1
0.026	0.0013	73.6449	73.6463	0.0013	0.0	0.0069	0.0	1
0.1316	3.0E-4	73.671	73.6714	3.0E-4	0.0	0.0018	0.0	1
0.2831	0.0074	73.8026	73.8101	0.0074	0.0	0.0372	0.0	1
0.3746	0.0020	74.0858	74.0878	0.0020	0.0	0.0101	0.0	1
0.2994	0.0014	74.4605	74.4619	0.0014	0.0	0.0070	0.0	1
0.0607	0.0029	74.7599	74.7628	0.0029	0.0	0.0145	0.0	1
0.0375	0.0025	74.8206	74.8232	0.0025	0.0	0.0125	0.0	1
0.0284	3.0E-4	74.8582	74.8585	3.0E-4	0.0	0.0018	0.0	1
0.1409	0.0046	74.8866	74.8912	0.0046	0.0	0.023	0.0	1
0.0177	0.0011	75.0276	75.0287	0.0011	0.0	0.0057	0.0	1
0.0828	0.0011	75.0453	75.0465	0.0011	0.0	0.0057	0.0	1
0.1044	0.0011	75.1282	75.1293	0.0011	0.0	0.0056	0.0	1
0.6078	0.0038	75.2326	75.2365	0.0038	0.0	0.0192	0.0	1
9.0E-4	8.0E-4	75.8405	75.8413	8.0E-4	0.0	0.0041	0.0	1
0.486	4.0E-4	75.8415	75.8419	4.0E-4	0.0	0.0022	0.0	1
0.0162	8.0E-4	76.3275	76.3283	8.0E-4	0.0	0.0041	0.0	1
0.1713	2.0E-4	76.3437	76.344	2.0E-4	0.0	0.0012	0.0	1
0.0941	0.0014	76.5151	76.5166	0.0014	0.0	0.0073	0.0	1
0.2004	0.0037	76.6093	76.613	0.0037	0.0	0.0186	0.0	1
0.1272	2.0E-4	76.8097	76.8099	2.0E-4	0.0	0.0010	0.0	1
0.0403	0.0023	76.9369	76.9393	0.0023	0.0	0.0119	0.0	1
0.6243	0.0051	76.9773	76.9824	0.0051	0.0	0.0258	0.0	1
0.2011	0.0010	77.6016	77.6027	0.0010	0.0	0.0051	0.0	1
0.3711	1.0E-4	77.8028	77.8029	1.0E-4	0.0	7.0E-4	0.0	1
0.5652	0.0014	78.174	78.1754	0.0014	0.0	0.0072	0.0	1
0.2746	0.0013	78.7392	78.7405	0.0013	0.0	0.0066	0.0	1
0.0651	6.0E-4	79.0138	79.0145	6.0E-4	0.0	0.0032	0.0	1
0.1833	0.0030	79.079	79.082	0.0030	0.0	0.0152	0.0	1
0.0735	7.0E-4	79.2623	79.2631	7.0E-4	0.0	0.0036	0.0	1
0.3119	0.0099	79.3359	79.3459	0.0099	0.0	0.0498	0.0	1
0.1794	1.0E-4	79.6479	79.6481	1.0E-4	0.0	9.0E-4	0.0	1
0.1603	3.0E-4	79.8273	79.8276	3.0E-4	0.0	0.0015	0.0	1
0.1604	0.0014	79.9877	79.9891	0.0014	0.0	0.0070	0.0	1
0.1102	0.0026	80.1481	80.1508	0.0026	0.0	0.0131	0.0	1
0.1865	0.0016	80.2584	80.26	0.0016	0.0	0.0081	0.0	1
0.0853	0.0027	80.445	80.4478	0.0027	0.0	0.0139	0.0	1
0.3078	0.0089	80.5303	80.5393	0.0089	0.0	0.0448	0.0	1
0.2631	0.0	80.8382	80.8383	0.0	0.0	4.0E-4	0.0	1
0.028	0.0039	81.1014	81.1054	0.0039	0.0	0.0196	0.0	1
0.1155	0.0049	81.1294	81.1344	0.0049	0.0	0.0246	0.0	1
0.2376	0.0029	81.245	81.248	0.0029	0.0	0.0149	0.0	1
0.0372	8.0E-4	81.4826	81.4835	8.0E-4	0.0	0.0041	0.0	1
0.3086	7.0E-4	81.5199	81.5207	7.0E-4	0.0	0.0038	0.0	1
0.0404	0.0014	81.8286	81.83	0.0014	0.0	0.0070	0.0	1
0.0968	3.0E-4	81.869	81.8693	3.0E-4	0.0	0.0016	0.0	1
0.1915	3.0E-4	81.9659	81.9663	3.0E-4	0.0	0.0019	0.0	1
0.0814	8.0E-4	82.1575	82.1583	8.0E-4	0.0	0.0043	0.0	1
0.6198	1.0E-4	82.239	82.2391	1.0E-4	0.0	5.0E-4	0.0	1
0.1241	0.0032	82.8588	82.8621	0.0032	0.0	0.0164	0.0	2
0.1241	7.0E-4	82.8608	82.8628	0.0020	0.0012	0.01	0.0061	1
0.1859	0.011	82.985	82.9961	0.011	0.0	0.0551	0.0	1
0.0963	0.0017	83.171	83.1727	0.0017	0.0	0.0086	0.0	1
0.0313	0.0042	83.2674	83.2716	0.0042	0.0	0.0212	0.0	1
0.1502	0.0050	83.2987	83.3037	0.0050	0.0	0.025	0.0	1
0.1716	0.0016	83.4489	83.4506	0.0016	0.0	0.0082	0.0	1
0.0126	1.0E-4	83.6206	83.6207	1.0E-4	0.0	5.0E-4	0.0	1
0.0046	2.0E-4	83.6332	83.6335	2.0E-4	0.0	0.0012	0.0	1
0.2231	6.0E-4	83.6379	83.6385	6.0E-4	0.0	0.0032	0.0	1
0.1032	2.0E-4	83.8611	83.8613	2.0E-4	0.0	0.0011	0.0	1
0.0922	0.0014	83.9643	83.9658	0.0014	0.0	0.0073	0.0	1
0.0247	0.0012	84.0566	84.0578	0.0012	0.0	0.0061	0.0	1
0.1489	0.0050	84.0814	84.0864	0.0050	0.0	0.0254	0.0	1
0.1212	0.0032	84.2303	84.2335	0.0032	0.0	0.016	0.0	1
0.0553	6.0E-4	84.3515	84.3522	6.0E-4	0.0	0.0030	0.0	1
0.2422	0.0027	84.4069	84.4097	0.0027	0.0	0.0137	0.0	1
0.2065	0.0069	84.6492	84.6561	0.0069	0.0	0.0345	0.0	1
0.2077	0.0012	84.8557	84.8569	0.0012	0.0	0.0060	0.0	1
0.0033	0.0015	85.0634	85.065	0.0015	0.0	0.0077	0.0	1
0.0873	0.0011	85.0668	85.0679	0.0011	0.0	0.0057	0.0	1
0.5751	0.0046	85.1541	85.1587	0.0046	0.0	0.023	0.0	1
0.1995	0.0024	85.7293	85.7317	0.0024	0.0	0.0123	0.0	1
0.2544	0.0031	85.9288	85.932	0.0031	0.0	0.0159	0.0	1
0.1514	0.0012	86.1833	86.1845	0.0012	0.0	0.0061	0.0	1
0.0865	7.0E-4	86.3348	86.3355	7.0E-4	0.0	0.0037	0.0	1
0.2077	0.0021	86.4213	86.4235	0.0021	0.0	0.0108	0.0	1
0.1024	8.0E-4	86.6291	86.6299	8.0E-4	0.0	0.0042	0.0	1
0.2353	0.0019	86.7316	86.7335	0.0019	0.0	0.0099	0.0	1
0.3078	0.0010	86.9669	86.9679	0.0010	0.0	0.0051	0.0	1
0.0121	0.0062	87.2748	87.281	0.0062	0.0	0.0311	0.0	1
0.0954	0.0049	87.2869	87.2918	0.0049	0.0	0.0245	0.0	1
0.1852	4.0E-4	87.3823	87.3828	4.0E-4	0.0	0.0024	0.0	1
0.6061	5.0E-4	87.5676	87.5681	5.0E-4	0.0	0.0026	0.0	1
0.5209	0.0017	88.1738	88.1755	0.0017	0.0	0.0088	0.0	1
0.1468	0.0020	88.6947	88.6967	0.0020	0.0	0.01	0.0	1
0.307	0.0020	88.8416	88.8437	0.0020	0.0	0.0104	0.0	1
0.2323	0.0040	89.1486	89.1527	0.0040	0.0	0.0202	0.0	1
0.0223	0.0084	89.381	89.3894	0.0084	0.0	0.0422	0.0	1
0.4553	6.0E-4	89.4033	89.4039	6.0E-4	0.0	0.0030	0.0	1
0.0541	9.0E-4	89.8587	89.8596	9.0E-4	0.0	0.0046	0.0	1
0.3755	0.0078	89.9128	89.9206	0.0078	0.0	0.0392	0.0	1
0.2599	1.0E-4	90.2884	90.2886	1.0E-4	0.0	8.0E-4	0.0	1
0.1242	0.0030	90.5483	90.5513	0.0030	0.0	0.015	0.0	1
0.4993	0.0010	90.6726	90.6736	0.0010	0.0	0.0051	0.0	1
0.7061	0.0013	91.1719	91.1733	0.0013	0.0	0.0068	0.0	1
0.0151	0.0011	91.8781	91.8792	0.0011	0.0	0.0055	0.0	1
0.1733	0.0018	91.8932	91.8951	0.0018	0.0	0.0094	0.0	1
0.1846	1.0E-4	92.0665	92.0667	1.0E-4	0.0	8.0E-4	0.0	1
0.0476	8.0E-4	92.2512	92.252	8.0E-4	0.0	0.0040	0.0	1
0.0357	0.0019	92.2989	92.3008	0.0019	0.0	0.0098	0.0	1
0.1539	3.0E-4	92.3347	92.3351	3.0E-4	0.0	0.0019	0.0	1
0.018	1.0E-4	92.4886	92.4887	1.0E-4	0.0	6.0E-4	0.0	1
0.065	0.0010	92.5066	92.5077	0.0010	0.0	0.0051	0.0	1
0.1883	0.0017	92.5717	92.5734	0.0017	0.0	0.0086	0.0	1
0.1041	0.0012	92.76	92.7613	0.0012	0.0	0.0062	0.0	1
0.4252	0.0014	92.8641	92.8656	0.0014	0.0	0.0071	0.0	1
0.0882	8.0E-4	93.2894	93.2902	8.0E-4	0.0	0.0040	0.0	1
0.1465	8.0E-4	93.3776	93.3784	8.0E-4	0.0	0.0041	0.0	1
0.3859	0.0031	93.5241	93.5273	0.0031	0.0	0.0157	0.0	1
0.3748	1.0E-4	93.9101	93.9103	1.0E-4	0.0	8.0E-4	0.0	1
0.0666	0.0018	94.2849	94.2868	0.0018	0.0	0.0091	0.0	1
0.1466	0.0016	94.3516	94.3532	0.0016	0.0	0.0080	0.0	1
0.3036	2.0E-4	94.4982	94.4984	2.0E-4	0.0	0.0012	0.0	1
0.1125	4.0E-4	94.8019	94.8024	4.0E-4	0.0	0.0023	0.0	1
0.1087	2.0E-4	94.9145	94.9147	2.0E-4	0.0	0.0010	0.0	1
0.0422	0.0035	95.0232	95.0268	0.0035	0.0	0.0175	0.0	1
0.4189	8.0E-4	95.0655	95.0663	8.0E-4	0.0	0.0042	0.0	1
0.1133	0.0019	95.4844	95.4864	0.0019	0.0	0.0099	0.0	1
1.0563	5.0E-4	95.5978	95.5983	5.0E-4	0.0	0.0028	0.0	1
0.1236	0.0012	96.6541	96.6553	0.0012	0.0	0.0062	0.0	1
0.1359	0.0020	96.7777	96.7798	0.0020	0.0	0.0104	0.0	1
0.1316	6.0E-4	96.9136	96.9143	6.0E-4	0.0	0.0034	0.0	1
0.4496	3.0E-4	97.0453	97.0457	3.0E-4	0.0	0.0019	0.0	1
0.2953	0.0010	97.4949	97.496	0.0010	0.0	0.0051	0.0	1
0.1053	0.0024	97.7902	97.7927	0.0024	0.0	0.0121	0.0	1
0.2081	1.0E-4	97.8956	97.8957	1.0E-4	0.0	5.0E-4	0.0	1
0.0279	0.0024	98.1037	98.1062	0.0024	0.0	0.0124	0.0	1
0.0096	7.0E-4	98.1316	98.1324	7.0E-4	0.0	0.0037	0.0	1
0.0955	7.0E-4	98.1412	98.142	7.0E-4	0.0	0.0038	0.0	1
0.3773	0.0031	98.2368	98.2399	0.0031	0.0	0.0156	0.0	1
0.1335	0.0065	98.6141	98.6206	0.0065	0.0	0.0328	0.0	1
0.3111	4.0E-4	98.7476	98.7481	4.0E-4	0.0	0.0021	0.0	1
0.1652	0.0058	99.0588	99.0647	0.0058	0.0	0.0291	0.0	1
0.6702	0.0034	99.2241	99.2276	0.0034	0.0	0.0174	0.0	2
0.6702	1.0E-4	99.2275	99.2277	1.0E-4	0.0	9.0E-4	1.0E-4	1
0.3586	0.0048	99.8978	99.9026	0.0048	0.0	0.0242	0.0	1

Using equations (analytically):
IAT: 0.2	Ts: 0.0020	Tw: 0.0	Tq: 0.0020	w: 1.0E-4	q: 0.0101	
Using simulation:
IAT: 0.2057	Ts: 0.0020	Tw: 0.0	Tq: 0.0020	w: 0.0	q: 0.0102	
