Time 	Number in Queue
0.1		5
0.2		11
0.3		15
0.4		28
0.5		31
0.6		36
0.7		39
0.7999		39
0.9		41
0.9999		41
1.0999		47
1.2		55
1.3		62
1.4		64
1.5		70
1.6		75
1.7		74
1.8		72
1.9		71
2.0		78
2.1		78
2.2		79
2.3		82
2.4		84
2.5		90
2.6		98
2.7		110
2.8		118
2.9		123
3.0		124
3.1		127
3.2		127
3.3		140
3.4		149
3.5		154
3.6		158
3.7		159
3.8		162
3.9		173
4.0		175
4.1		182
4.2		188
4.3		196
4.4		201
4.5		207
4.6		210
4.6999		213
4.7999		221
4.8999		228
4.9999		232
5.0999		242
5.1999		248
5.2999		251
5.3999		254
5.4999		254
5.5999		255
5.6999		262
5.7999		272
5.8999		279
5.9999		286
6.0999		292
6.1999		299
6.2999		299
6.3999		298
6.4999		305
6.5999		309
6.6999		312
6.7999		313
6.8999		311
6.9999		318
7.0999		316
7.1999		322
7.2999		326
7.3999		333
7.4999		336
7.5999		343
7.6999		346
7.7999		346
7.8999		355
7.9999		358
8.0999		366
8.1999		367
8.2999		372
8.3999		376
8.4999		383
8.5999		394
8.6999		394
8.7999		404
8.8999		411
8.9999		416
9.0999		421
9.1999		426
9.2999		428
9.3999		428
9.4999		438
9.5999		444
9.6999		450
9.7999		453
9.8999		458
9.9999		465
10.0999		467
10.1999		470
10.2999		475
10.3999		482
10.4999		487
10.5999		494
10.6999		493
10.7999		496
10.8999		497
10.9999		503
11.0999		512
11.1999		514
11.2999		522
11.3999		523
11.4999		521
11.5999		520
11.6999		530
11.7999		534
11.8999		545
11.9999		549
12.0999		555
12.1999		556
12.2999		560
12.3999		567
12.4999		574
12.5999		577
12.6999		587
12.7999		585
12.8999		593
12.9999		597
13.0999		597
13.1999		598
13.2999		599
13.3999		602
13.4999		609
13.5999		610
13.6999		616
13.7999		620
13.8999		627
13.9999		637
14.0999		643
14.1999		643
14.2999		647
14.3999		646
14.4999		659
14.5999		671
14.6999		675
14.7999		683
14.8999		688
14.9999		695
15.0999		697
15.1999		703
15.2999		715
15.3999		723
15.4999		728
15.5999		725
15.6999		731
15.7999		738
15.8999		744
15.9999		744
16.0999		752
16.1999		761
16.2999		763
16.3999		769
16.4999		774
16.5999		778
16.6999		782
16.7999		785
16.8999		792
16.9999		796
17.0999		806
17.1999		820
17.2999		823
17.3999		822
17.4999		830
17.5999		838
17.6999		837
17.7999		842
17.8999		856
17.9999		857
18.0999		864
18.1999		873
18.2999		886
18.3999		893
18.4999		901
18.5999		908
18.6999		914
18.7999		919
18.9		923
19.0		921
19.1		927
19.2		936
19.3		943
19.4		945
19.5		951
19.6		953
19.7		958
19.8		961
19.9		963
20.0		965
20.1		974
20.2		980
20.3		984
20.4		984
20.5		990
20.6		996
20.7		1006
20.8		1010
20.9		1013
21.0		1022
21.1		1030
21.2		1038
21.3		1043
21.4		1045
21.5		1047
21.6		1050
21.7		1059
21.8		1062
21.9		1063
22.0		1063
22.1		1067
22.2		1071
22.3		1073
22.4		1080
22.5		1089
22.6		1097
22.7		1100
22.8		1107
22.9		1115
23.0		1127
23.1		1128
23.2		1130
23.3		1134
23.4		1134
23.5		1143
23.6		1155
23.7		1152
23.8		1157
23.9		1159
24.0		1165
24.1		1163
24.2		1172
24.3		1179
24.4		1189
24.5		1196
24.6		1199
24.7		1202
24.8		1212
24.9		1216
25.0		1223
25.1		1224
25.2		1236
25.3		1241
25.4		1245
25.5		1248
25.6		1252
25.7		1255
25.8		1257
25.9		1257
26.0		1256
26.1		1266
26.2		1267
26.3		1267
26.4		1266
26.5		1273
26.6		1281
26.7		1287
26.8		1293
26.9		1301
27.0		1306
27.1		1310
27.2		1318
27.3		1317
27.4		1316
27.5		1322
27.6		1332
27.7		1340
27.8		1347
27.9		1349
28.0		1362
28.1		1364
28.2		1370
28.3		1374
28.4		1382
28.5		1387
28.6		1398
28.7		1395
28.8		1398
28.9		1400
29.0		1406
29.1		1406
29.2		1412
29.3		1421
29.4		1428
29.5		1434
29.6		1441
29.7		1443
29.8		1446
29.9		1448
30.0		1455
30.1		1468
30.2		1478
30.3		1492
30.4		1496
30.5		1502
30.6		1507
30.7		1509
30.8		1514
30.9		1523
31.0		1531
31.1		1533
31.2		1539
31.3		1543
31.4		1546
31.5		1550
31.6		1547
31.7		1552
31.8		1552
31.9		1557
32.0		1570
32.1		1576
32.2		1589
32.3		1592
32.4		1602
32.5		1602
32.6		1604
32.7		1610
32.8		1608
32.9		1616
33.0		1620
33.1		1626
33.2		1622
33.3		1629
33.4		1630
33.5		1638
33.6		1637
33.7		1642
33.8		1648
33.9		1648
34.0		1650
34.1		1660
34.2		1661
34.3		1669
34.4		1672
34.5		1678
34.6		1679
34.7		1681
34.8		1688
34.9		1687
35.0		1687
35.1		1689
35.2		1698
35.3		1703
35.4		1710
35.5		1711
35.6		1712
35.7		1718
35.8		1718
35.9		1719
36.0		1726
36.1		1740
36.2		1750
36.3		1759
36.4		1761
36.5		1762
36.6		1764
36.7		1770
36.8		1782
36.9		1784
37.0		1794
37.1		1804
37.2		1814
37.3		1822
37.4		1831
37.5		1846
37.6		1852
37.7		1859
37.8		1863
37.9		1869
38.0		1872
38.1		1878
38.2		1881
38.3		1882
38.4		1891
38.5		1904
38.6		1908
38.7		1909
38.8		1913
38.9		1914
39.0		1918
39.1		1927
39.2		1928
39.3		1931
39.4		1937
39.5		1944
39.6		1951
39.7		1951
39.8		1956
39.9		1963
40.0		1971
40.1		1978
40.2		1980
40.3		1984
40.4		1990
40.5		1995
40.6		2001
40.7		2009
40.8		2005
40.9		2010
41.0		2016
41.1		2024
41.2		2029
41.3		2035
41.4		2043
41.5		2044
41.6		2055
41.7		2064
41.8		2073
41.9		2084
42.0		2082
42.1		2088
42.2		2091
42.3		2100
42.4		2104
42.5		2108
42.6		2114
42.7		2119
42.8		2117
42.9		2121
43.0		2124
43.1		2124
43.2		2133
43.3		2131
43.4		2128
43.5		2133
43.6		2137
43.7		2144
43.8		2144
43.9		2157
44.0		2158
44.1		2163
44.2		2167
44.3		2169
44.4		2175
44.5		2183
44.6		2185
44.7		2189
44.8		2201
44.9		2208
45.0		2211
45.1		2212
45.2		2214
45.3		2229
45.4		2236
45.5		2231
45.6		2243
45.7		2242
45.8		2252
45.9		2259
46.0		2266
46.1		2272
46.2		2278
46.3		2284
46.4		2291
46.5		2294
46.6		2299
46.7		2307
46.8		2309
46.9		2315
47.0		2320
47.1		2329
47.2		2339
47.3		2346
47.4		2355
47.5		2362
47.6		2369
47.7		2381
47.8		2392
47.9		2398
48.0		2400
48.1		2398
48.2		2403
48.3		2410
48.4		2412
48.5		2419
48.6		2421
48.7		2430
48.8		2439
48.9		2446
49.0		2455
49.1		2463
49.2		2459
49.3		2463
49.4		2473
49.5		2474
49.6		2478
49.7		2480
49.8		2479
49.9		2490
50.0		2494
50.1		2495
50.2		2504
50.3		2502
50.4		2507
50.5		2512
50.6		2516
50.7		2521
50.8		2523
50.9		2533
51.0		2532
51.1		2541
51.2		2554
51.3		2559
51.4		2566
51.5		2562
51.6		2567
51.7		2570
51.8		2570
51.9		2572
52.0		2585
52.1		2592
52.2		2595
52.3		2605
52.4		2613
52.5		2618
52.6		2621
52.7		2629
52.8		2632
52.9		2638
53.0		2646
53.1		2654
53.2		2659
53.3		2663
53.4		2667
53.5		2665
53.6		2673
53.7		2675
53.8		2677
53.9		2679
54.0		2682
54.1		2693
54.2		2697
54.3		2702
54.4		2710
54.5		2714
54.6		2716
54.7		2721
54.8		2715
54.9		2725
55.0		2729
55.1		2731
55.2		2736
55.3		2744
55.4		2744
55.5		2748
55.6		2757
55.7		2758
55.8		2770
55.9		2775
56.0		2778
56.1		2781
56.2		2787
56.3		2791
56.4		2789
56.5		2792
56.6		2806
56.7		2807
56.8		2821
56.9		2830
57.0		2836
57.1		2844
57.2		2851
57.3		2857
57.4		2862
57.5		2867
57.6		2870
57.7		2881
57.8		2884
57.9		2884
58.0		2887
58.1		2888
58.2		2891
58.3		2896
58.4		2894
58.5		2898
58.6		2896
58.7		2908
58.8		2911
58.9		2915
59.0		2926
59.1		2930
59.2		2939
59.3		2944
59.4		2952
59.5		2958
59.6		2971
59.7		2977
59.8		2980
59.9		2988
60.0		2990
60.1		2992
60.2		2999
60.3		3002
60.4		3008
60.5		3011
60.6		3018
60.7		3021
60.8		3020
60.9		3022
61.0		3027
61.1		3027
61.2		3031
61.3		3031
61.4		3038
61.5		3039
61.6		3048
61.7		3058
61.8		3067
61.9		3073
62.0		3079
62.1		3085
62.2		3093
62.3		3100
62.4		3107
62.5		3111
62.6		3121
62.7		3118
62.8		3119
62.9		3122
63.0		3124
63.1		3125
63.2		3135
63.3		3140
63.4		3146
63.5		3155
63.6		3149
63.7		3152
63.8		3161
63.9		3160
64.0		3162
64.1		3171
64.2		3171
64.3		3172
64.4		3173
64.5		3171
64.6		3177
64.7		3187
64.8		3190
64.9		3196
65.0		3192
65.1		3195
65.2		3197
65.3		3203
65.4		3213
65.5		3213
65.6		3219
65.7		3220
65.8		3218
65.9		3217
66.0		3224
66.1		3228
66.2		3226
66.3		3228
66.4		3237
66.5		3241
66.6		3243
66.7		3252
66.8		3257
66.9		3264
67.0		3268
67.1		3270
67.2		3275
67.3		3275
67.4		3285
67.5		3286
67.6		3290
67.7		3290
67.8		3294
67.9		3301
68.0		3304
68.1		3317
68.2		3317
68.3		3319
68.4		3321
68.5		3329
68.6		3330
68.7		3332
68.8		3339
68.9		3347
69.0		3352
69.1		3359
69.2		3370
69.3		3378
69.4		3385
69.5		3396
69.6		3401
69.7		3406
69.8		3410
69.9		3414
70.0		3420
70.1		3429
70.2		3433
70.3		3446
70.4		3451
70.5		3453
70.6		3463
70.7		3471
70.8		3475
70.9		3482
71.0		3488
71.1		3494
71.2		3497
71.3		3494
71.4		3498
71.5		3495
71.6		3500
71.7		3500
71.8		3503
71.9		3506
72.0		3516
72.1		3524
72.2		3530
72.3		3527
72.4		3529
72.5		3533
72.6		3533
72.7		3546
72.8		3546
72.9		3547
73.0		3561
73.1		3570
73.2		3584
73.3		3575
73.4		3567
73.5		3569
73.6		3574
73.7		3580
73.8		3583
73.9		3589
74.0		3590
74.1		3595
74.2		3600
74.3		3600
74.4		3606
74.5		3613
74.6		3624
74.7		3630
74.8		3636
74.9		3643
75.0		3647
75.1		3648
75.2		3651
75.3		3653
75.3999		3659
75.4999		3664
75.5999		3667
75.6999		3671
75.7999		3671
75.8999		3670
75.9999		3678
76.0999		3690
76.1999		3698
76.2999		3695
76.3999		3698
76.4999		3702
76.5999		3706
76.6999		3708
76.7999		3706
76.8999		3723
76.9999		3728
77.0999		3733
77.1999		3734
77.2999		3737
77.3999		3749
77.4999		3750
77.5999		3762
77.6999		3763
77.7999		3767
77.8999		3771
77.9999		3775
78.0999		3779
78.1999		3786
78.2999		3792
78.3999		3795
78.4999		3801
78.5999		3812
78.6999		3820
78.7999		3828
78.8999		3831
78.9999		3838
79.0999		3846
79.1999		3854
79.2999		3853
79.3999		3862
79.4999		3867
79.5999		3883
79.6999		3890
79.7999		3898
79.8999		3901
79.9999		3908
80.0999		3914
80.1999		3925
80.2999		3931
80.3999		3943
80.4999		3947
80.5999		3948
80.6999		3953
80.7999		3960
80.8999		3972
80.9999		3979
81.0999		3982
81.1999		3991
81.2999		3998
81.3999		4001
81.4999		4011
81.5999		4021
81.6999		4019
81.7999		4031
81.8999		4034
81.9999		4039
82.0999		4046
82.1999		4049
82.2999		4052
82.3999		4056
82.4999		4064
82.5999		4066
82.6999		4077
82.7999		4077
82.8999		4082
82.9999		4088
83.0999		4095
83.1999		4100
83.2999		4104
83.3999		4110
83.4999		4113
83.5999		4110
83.6999		4115
83.7999		4119
83.8999		4118
83.9999		4122
84.0999		4121
84.1999		4123
84.2999		4121
84.3999		4125
84.4999		4129
84.5999		4136
84.6999		4139
84.7999		4141
84.8999		4146
84.9999		4162
85.0999		4171
85.1999		4174
85.2999		4179
85.3999		4185
85.4999		4184
85.5999		4190
85.6999		4200
85.7999		4200
85.8999		4201
85.9999		4210
86.0999		4216
86.1999		4228
86.2999		4243
86.3999		4251
86.4999		4250
86.5999		4251
86.6999		4258
86.7999		4261
86.8999		4260
86.9999		4270
87.0999		4273
87.1999		4280
87.2999		4286
87.3999		4290
87.4999		4295
87.5999		4303
87.6999		4304
87.7999		4306
87.8999		4308
87.9999		4311
88.0999		4318
88.1999		4329
88.2999		4324
88.3999		4324
88.4999		4331
88.5999		4334
88.6999		4339
88.7999		4351
88.8999		4356
88.9999		4357
89.0999		4363
89.1999		4365
89.2999		4369
89.3999		4374
89.4999		4375
89.5999		4381
89.6999		4387
89.7999		4401
89.8999		4401
89.9999		4409
90.0999		4412
90.1999		4419
90.2999		4420
90.3999		4426
90.4999		4432
90.5999		4440
90.6999		4453
90.7999		4463
90.8999		4469
90.9999		4480
91.0999		4481
91.1999		4483
91.2999		4494
91.3999		4501
91.4999		4503
91.5999		4504
91.6999		4513
91.7999		4518
91.8999		4530
91.9999		4535
92.0999		4534
92.1999		4536
92.2999		4540
92.3999		4543
92.4999		4552
92.5999		4562
92.6999		4567
92.7999		4566
92.8999		4567
92.9999		4574
93.0999		4579
93.1999		4581
93.2999		4583
93.3999		4595
93.4999		4602
93.5999		4604
93.6999		4614
93.7999		4615
93.8999		4620
93.9999		4629
94.0999		4629
94.1999		4637
94.2999		4643
94.3999		4650
94.4999		4652
94.5999		4654
94.6999		4655
94.7999		4663
94.8999		4667
94.9999		4668
95.0999		4673
95.1999		4679
95.2999		4687
95.3999		4697
95.4999		4705
95.5999		4713
95.6999		4710
95.7999		4714
95.8999		4722
95.9999		4728
96.0999		4737
96.1999		4743
96.2999		4746
96.3999		4751
96.4999		4757
96.5999		4762
96.6999		4766
96.7999		4775
96.8999		4779
96.9999		4784
97.0999		4787
97.1999		4790
97.2999		4797
97.3999		4802
97.4999		4806
97.5999		4812
97.6999		4811
97.7999		4815
97.8999		4821
97.9999		4825
98.0999		4833
98.1999		4835
98.2999		4846
98.3999		4851
98.4999		4857
98.5999		4859
98.6999		4864
98.7999		4870
98.8999		4876
98.9999		4876
99.0999		4882
99.1999		4888
99.2999		4896
99.3999		4907
99.4999		4909
99.5999		4922
99.6999		4924
99.7999		4928
99.8999		4931
99.9999		4936
