#:	Area:	Orientation:	Circularity:	Hu 1:	Hu 2:	Hu 3:	Hu 4:	Hu 5:	Hu 6:	Hu 7:	
0	109102	-0.766326	-7.32591	0.166666	0	0	0	0	0	0	
1	1	-1	-1.#IND	0.166683	3.66714e-015	4.44348e-018	3.32205e-013	-4.03597e-028	-2.01172e-020	-4.16758e-030	
2	1	-1	-1.#IND	0.166683	3.66714e-015	4.44348e-018	3.32205e-013	-4.03597e-028	-2.01172e-020	-4.16758e-030	
3	1	-1	-1.#IND	0.166683	3.66714e-015	4.44348e-018	3.32205e-013	-4.03597e-028	-2.01172e-020	-4.16758e-030	
4	1	-1	-1.#IND	0.166683	3.66714e-015	4.44348e-018	3.32205e-013	-4.03597e-028	-2.01172e-020	-4.16758e-030	
5	3	-0	0	0.166683	3.66714e-015	4.44348e-018	3.32205e-013	-4.03597e-028	-2.01172e-020	-4.16758e-030	
6	1	-1	-1.#IND	0.166694	2.73954e-011	2.94059e-012	1.15313e-011	-6.10252e-023	-5.77039e-017	-2.80135e-023	
7	1	-1	-1.#IND	0.166694	2.73954e-011	2.94059e-012	1.15313e-011	-6.10252e-023	-5.77039e-017	-2.80135e-023	
8	2	-1	0	0.166694	2.73954e-011	2.94059e-012	1.15313e-011	-6.10252e-023	-5.77039e-017	-2.80135e-023	
9	1	-1	-1.#IND	0.166694	2.73954e-011	2.94059e-012	1.15313e-011	-6.10252e-023	-5.77039e-017	-2.80135e-023	
10	1	-1	-1.#IND	0.166694	2.73954e-011	2.94059e-012	1.15313e-011	-6.10252e-023	-5.77039e-017	-2.80135e-023	
11	3	-0	0.333333	0.166694	2.73954e-011	2.94059e-012	1.15313e-011	-6.10252e-023	-5.77039e-017	-2.80135e-023	
12	1	-1	-1.#IND	0.166708	7.8587e-011	6.94555e-012	4.9523e-011	-9.10237e-022	-4.36307e-016	-1.22688e-022	
13	1	-1	-1.#IND	0.166708	7.8587e-011	6.94555e-012	4.9523e-011	-9.10237e-022	-4.36307e-016	-1.22688e-022	
14	1	-1	-1.#IND	0.166708	7.8587e-011	6.94555e-012	4.9523e-011	-9.10237e-022	-4.36307e-016	-1.22688e-022	
15	1	-1	-1.#IND	0.166708	7.8587e-011	6.94555e-012	4.9523e-011	-9.10237e-022	-4.36307e-016	-1.22688e-022	
16	1	-1	-1.#IND	0.166708	7.8587e-011	6.94555e-012	4.9523e-011	-9.10237e-022	-4.36307e-016	-1.22688e-022	
17	1	-1	-1.#IND	0.166708	7.8587e-011	6.94555e-012	4.9523e-011	-9.10237e-022	-4.36307e-016	-1.22688e-022	
18	112	0.421203	0.0231848	0.166708	7.8587e-011	6.94555e-012	4.9523e-011	-9.10237e-022	-4.36307e-016	-1.22688e-022	
19	6	0.149249	0.330001	0.16673	1.3535e-010	9.06347e-012	1.31805e-010	-4.52134e-021	-1.53326e-015	5.57853e-022	
20	1	-1	-1.#IND	0.16675	2.77376e-010	1.84709e-011	2.79558e-010	-2.00159e-020	-4.6557e-015	1.70828e-021	
21	1	-1	-1.#IND	0.16675	2.77376e-010	1.84709e-011	2.79558e-010	-2.00159e-020	-4.6557e-015	1.70828e-021	
22	1	-1	-1.#IND	0.16675	2.77376e-010	1.84709e-011	2.79558e-010	-2.00159e-020	-4.6557e-015	1.70828e-021	
23	7	-0.277154	0.380207	0.16675	2.77376e-010	1.84709e-011	2.79558e-010	-2.00159e-020	-4.6557e-015	1.70828e-021	
24	1	-1	-1.#IND	0.166772	4.68416e-010	3.07594e-011	4.9034e-010	-6.00956e-020	-1.06121e-014	3.85415e-021	
25	1	-1	-1.#IND	0.166772	4.68416e-010	3.07594e-011	4.9034e-010	-6.00956e-020	-1.06121e-014	3.85415e-021	
26	2	-0	0	0.166772	4.68416e-010	3.07594e-011	4.9034e-010	-6.00956e-020	-1.06121e-014	3.85415e-021	
27	1	-1	-1.#IND	0.166772	4.68416e-010	3.07594e-011	4.9034e-010	-6.00956e-020	-1.06121e-014	3.85415e-021	
28	2	-1	0	0.166772	4.68416e-010	3.07594e-011	4.9034e-010	-6.00956e-020	-1.06121e-014	3.85415e-021	
29	1	-1	-1.#IND	0.166772	4.68416e-010	3.07594e-011	4.9034e-010	-6.00956e-020	-1.06121e-014	3.85415e-021	
30	1	-1	-1.#IND	0.166772	4.68416e-010	3.07594e-011	4.9034e-010	-6.00956e-020	-1.06121e-014	3.85415e-021	
31	7	0.595145	0.130385	0.166772	4.68416e-010	3.07594e-011	4.9034e-010	-6.00956e-020	-1.06121e-014	3.85415e-021	
32	1	-1	-1.#IND	0.166793	6.18821e-010	3.45414e-011	7.23226e-010	-1.13576e-019	-1.79862e-014	1.29216e-020	
33	1	-1	-1.#IND	0.166793	6.18821e-010	3.45414e-011	7.23226e-010	-1.13576e-019	-1.79862e-014	1.29216e-020	
34	1	-1	-1.#IND	0.166793	6.18821e-010	3.45414e-011	7.23226e-010	-1.13576e-019	-1.79862e-014	1.29216e-020	
35	1	-1	-1.#IND	0.166793	6.18821e-010	3.45414e-011	7.23226e-010	-1.13576e-019	-1.79862e-014	1.29216e-020	
36	4	0.463648	0.166667	0.166793	6.18821e-010	3.45414e-011	7.23226e-010	-1.13576e-019	-1.79862e-014	1.29216e-020	
37	34	0.496405	0.0354603	0.166818	7.87392e-010	2.73713e-011	1.08696e-009	-1.84144e-019	-3.0429e-014	3.52465e-020	
38	2	-1	0	0.166841	9.08559e-010	2.73007e-011	1.4051e-009	-2.69362e-019	-4.22141e-014	5.63781e-020	
39	10	0.0904295	0.358799	0.166841	9.08559e-010	2.73007e-011	1.4051e-009	-2.69362e-019	-4.22141e-014	5.63781e-020	
40	1	-1	-1.#IND	0.166865	1.16491e-009	3.09426e-011	1.87482e-009	-4.2502e-019	-6.36174e-014	1.52539e-019	
41	1	-1	-1.#IND	0.166865	1.16491e-009	3.09426e-011	1.87482e-009	-4.2502e-019	-6.36174e-014	1.52539e-019	
42	1	-1	-1.#IND	0.166865	1.16491e-009	3.09426e-011	1.87482e-009	-4.2502e-019	-6.36174e-014	1.52539e-019	
43	1	-1	-1.#IND	0.166865	1.16491e-009	3.09426e-011	1.87482e-009	-4.2502e-019	-6.36174e-014	1.52539e-019	
44	1	-1	-1.#IND	0.166865	1.16491e-009	3.09426e-011	1.87482e-009	-4.2502e-019	-6.36174e-014	1.52539e-019	
45	8	0.240088	0.27414	0.166865	1.16491e-009	3.09426e-011	1.87482e-009	-4.2502e-019	-6.36174e-014	1.52539e-019	
46	1	-1	-1.#IND	0.166886	1.48872e-009	3.61183e-011	2.408e-009	-5.18444e-019	-9.08908e-014	4.85307e-019	
47	1	-1	-1.#IND	0.166886	1.48872e-009	3.61183e-011	2.408e-009	-5.18444e-019	-9.08908e-014	4.85307e-019	
48	5	-0.160875	0.519494	0.166884	1.45207e-009	3.44049e-011	2.36255e-009	-5.03591e-019	-8.81926e-014	4.47314e-019	
49	1	-1	-1.#IND	0.166908	2.04949e-009	6.93143e-011	3.05544e-009	-8.59906e-019	-1.33655e-013	1.11254e-018	
50	1	-1	-1.#IND	0.166908	2.04949e-009	6.93143e-011	3.05544e-009	-8.59906e-019	-1.33655e-013	1.11254e-018	
51	1	-1	-1.#IND	0.166908	2.04949e-009	6.93143e-011	3.05544e-009	-8.59906e-019	-1.33655e-013	1.11254e-018	
52	1	-1	-1.#IND	0.166908	2.04949e-009	6.93143e-011	3.05544e-009	-8.59906e-019	-1.33655e-013	1.11254e-018	
53	3	0	0.333333	0.166907	1.99449e-009	6.55249e-011	3.0013e-009	-8.20562e-019	-1.29628e-013	1.04793e-018	
54	1	-1	-1.#IND	0.166926	2.61191e-009	1.08917e-010	3.62837e-009	-1.37494e-018	-1.78377e-013	1.81996e-018	
55	10	-0.272432	0.45493	0.166923	2.51471e-009	1.01689e-010	3.53753e-009	-1.27706e-018	-1.70741e-013	1.69434e-018	
56	1	-1	-1.#IND	0.166947	3.37612e-009	1.65754e-010	4.36713e-009	-2.34032e-018	-2.43909e-013	2.88591e-018	
57	1	-1	-1.#IND	0.166947	3.37612e-009	1.65754e-010	4.36713e-009	-2.34032e-018	-2.43909e-013	2.88591e-018	
58	1	-1	-1.#IND	0.166946	3.33553e-009	1.62474e-010	4.33307e-009	-2.28675e-018	-2.40574e-013	2.82647e-018	
59	2	-0	0	0.166945	3.29757e-009	1.59539e-010	4.29901e-009	-2.23422e-018	-2.37324e-013	2.772e-018	
60	1	-1	-1.#IND	0.166945	3.29757e-009	1.59539e-010	4.29901e-009	-2.23422e-018	-2.37324e-013	2.772e-018	
61	3	-0	0.333333	0.166945	3.29757e-009	1.59539e-010	4.29901e-009	-2.23422e-018	-2.37324e-013	2.772e-018	
62	15	0.520151	0.143436	0.166965	3.09514e-009	1.33422e-010	4.63701e-009	-1.84812e-018	-2.45199e-013	3.14439e-018	
63	1	-1	-1.#IND	0.16699	3.99725e-009	1.99926e-010	5.60347e-009	-3.30961e-018	-3.37215e-013	4.92158e-018	
64	1	-1	-1.#IND	0.166989	4.00063e-009	2.00806e-010	5.57794e-009	-3.32321e-018	-3.35989e-013	4.87912e-018	
65	1	-1	-1.#IND	0.166989	4.00063e-009	2.00806e-010	5.57794e-009	-3.32321e-018	-3.35989e-013	4.87912e-018	
66	1	-1	-1.#IND	0.166989	4.00063e-009	2.00806e-010	5.57794e-009	-3.32321e-018	-3.35989e-013	4.87912e-018	
67	14	0.0975612	0.15343	0.166989	4.00063e-009	2.00806e-010	5.57794e-009	-3.32321e-018	-3.35989e-013	4.87912e-018	
68	1	-1	-1.#IND	0.167013	3.63555e-009	1.83762e-010	5.99402e-009	-2.28161e-018	-3.35439e-013	5.86243e-018	
69	1	-1	-1.#IND	0.167013	3.63555e-009	1.83762e-010	5.99402e-009	-2.28161e-018	-3.35439e-013	5.86243e-018	
70	1	-1	-1.#IND	0.167013	3.63555e-009	1.83762e-010	5.99402e-009	-2.28161e-018	-3.35439e-013	5.86243e-018	
71	1	-1	-1.#IND	0.167013	3.63555e-009	1.83762e-010	5.99402e-009	-2.28161e-018	-3.35439e-013	5.86243e-018	
72	2	-0	0	0.167013	3.63555e-009	1.83762e-010	5.99402e-009	-2.28161e-018	-3.35439e-013	5.86243e-018	
73	1	-1	-1.#IND	0.167013	3.63555e-009	1.83762e-010	5.99402e-009	-2.28161e-018	-3.35439e-013	5.86243e-018	
74	1	-1	-1.#IND	0.167013	3.63555e-009	1.83762e-010	5.99402e-009	-2.28161e-018	-3.35439e-013	5.86243e-018	
75	1	-1	-1.#IND	0.167013	3.63555e-009	1.83762e-010	5.99402e-009	-2.28161e-018	-3.35439e-013	5.86243e-018	
76	10	0.174386	0.237596	0.167013	3.63555e-009	1.83762e-010	5.99402e-009	-2.28161e-018	-3.35439e-013	5.86243e-018	
77	1	-1	-1.#IND	0.167037	4.26876e-009	2.23648e-010	6.87853e-009	-3.74219e-018	-4.20581e-013	7.66698e-018	
78	1	-1	-1.#IND	0.167037	4.26876e-009	2.23648e-010	6.87853e-009	-3.74219e-018	-4.20581e-013	7.66698e-018	
79	1	-1	-1.#IND	0.167037	4.26876e-009	2.23648e-010	6.87853e-009	-3.74219e-018	-4.20581e-013	7.66698e-018	
80	1	-1	-1.#IND	0.167037	4.26876e-009	2.23648e-010	6.87853e-009	-3.74219e-018	-4.20581e-013	7.66698e-018	
81	1	-1	-1.#IND	0.167037	4.26876e-009	2.23648e-010	6.87853e-009	-3.74219e-018	-4.20581e-013	7.66698e-018	
82	1	-1	-1.#IND	0.167037	4.26876e-009	2.23648e-010	6.87853e-009	-3.74219e-018	-4.20581e-013	7.66698e-018	
83	1	-1	-1.#IND	0.167037	4.26876e-009	2.23648e-010	6.87853e-009	-3.74219e-018	-4.20581e-013	7.66698e-018	
84	5	-0.231824	0.497667	0.167037	4.26876e-009	2.23648e-010	6.87853e-009	-3.74219e-018	-4.20581e-013	7.66698e-018	
85	1	-1	-1.#IND	0.167062	5.19143e-009	3.01046e-010	7.98941e-009	-5.66383e-018	-5.36553e-013	1.10202e-017	
86	1	-1	-1.#IND	0.167062	5.19143e-009	3.01046e-010	7.98941e-009	-5.66383e-018	-5.36553e-013	1.10202e-017	
87	1	-1	-1.#IND	0.167062	5.19143e-009	3.01046e-010	7.98941e-009	-5.66383e-018	-5.36553e-013	1.10202e-017	
88	1	-1	-1.#IND	0.167062	5.19143e-009	3.01046e-010	7.98941e-009	-5.66383e-018	-5.36553e-013	1.10202e-017	
89	2	-1	0	0.167062	5.19143e-009	3.01046e-010	7.98941e-009	-5.66383e-018	-5.36553e-013	1.10202e-017	
90	2	-1	0	0.167062	5.19143e-009	3.01046e-010	7.98941e-009	-5.66383e-018	-5.36553e-013	1.10202e-017	
91	1	-1	-1.#IND	0.167062	5.19143e-009	3.01046e-010	7.98941e-009	-5.66383e-018	-5.36553e-013	1.10202e-017	
92	3	-0	0.333333	0.167062	5.19143e-009	3.01046e-010	7.98941e-009	-5.66383e-018	-5.36553e-013	1.10202e-017	
93	1	-1	-1.#IND	0.167093	5.00235e-009	2.92164e-010	8.52368e-009	-4.4915e-018	-5.49101e-013	1.26789e-017	
94	1	-1	-1.#IND	0.167093	5.00235e-009	2.92164e-010	8.52368e-009	-4.4915e-018	-5.49101e-013	1.26789e-017	
95	1	-1	-1.#IND	0.167093	5.00235e-009	2.92164e-010	8.52368e-009	-4.4915e-018	-5.49101e-013	1.26789e-017	
96	53	0.388077	0.347678	0.167093	5.00235e-009	2.92164e-010	8.52368e-009	-4.4915e-018	-5.49101e-013	1.26789e-017	
97	1	-1	-1.#IND	0.167123	5.56471e-009	3.23993e-010	9.58774e-009	-6.85945e-018	-6.59587e-013	1.54434e-017	
98	865	-0.0468059	0.00223358	0.167123	5.56471e-009	3.23993e-010	9.58774e-009	-6.85945e-018	-6.59587e-013	1.54434e-017	
99	1	-1	-1.#IND	0.167135	4.84199e-009	1.63573e-010	1.0059e-008	1.94419e-018	-5.62966e-013	1.27556e-017	
100	1	-1	-1.#IND	0.167135	4.84199e-009	1.63573e-010	1.0059e-008	1.94419e-018	-5.62966e-013	1.27556e-017	
101	1	-1	-1.#IND	0.167135	4.84199e-009	1.63573e-010	1.0059e-008	1.94419e-018	-5.62966e-013	1.27556e-017	
102	1	-1	-1.#IND	0.167135	4.84199e-009	1.63573e-010	1.0059e-008	1.94419e-018	-5.62966e-013	1.27556e-017	
103	1	-1	-1.#IND	0.167135	4.84199e-009	1.63573e-010	1.0059e-008	1.94419e-018	-5.62966e-013	1.27556e-017	
104	1	-1	-1.#IND	0.167135	4.84199e-009	1.63573e-010	1.0059e-008	1.94419e-018	-5.62966e-013	1.27556e-017	
105	1	-1	-1.#IND	0.167135	4.84199e-009	1.63573e-010	1.0059e-008	1.94419e-018	-5.62966e-013	1.27556e-017	
106	1	-1	-1.#IND	0.167135	4.84199e-009	1.63573e-010	1.0059e-008	1.94419e-018	-5.62966e-013	1.27556e-017	
107	1	-1	-1.#IND	0.167135	4.84199e-009	1.63573e-010	1.0059e-008	1.94419e-018	-5.62966e-013	1.27556e-017	
108	1	-1	-1.#IND	0.167135	4.84199e-009	1.63573e-010	1.0059e-008	1.94419e-018	-5.62966e-013	1.27556e-017	
109	1	-1	-1.#IND	0.167135	4.84199e-009	1.63573e-010	1.0059e-008	1.94419e-018	-5.62966e-013	1.27556e-017	
110	1	-1	-1.#IND	0.167135	4.84199e-009	1.63573e-010	1.0059e-008	1.94419e-018	-5.62966e-013	1.27556e-017	
111	1	-1	-1.#IND	0.167135	4.84199e-009	1.63573e-010	1.0059e-008	1.94419e-018	-5.62966e-013	1.27556e-017	
112	2	-1	0	0.167135	4.84199e-009	1.63573e-010	1.0059e-008	1.94419e-018	-5.62966e-013	1.27556e-017	
113	3	-2.18279e-011	0.333333	0.167135	4.84199e-009	1.63573e-010	1.0059e-008	1.94419e-018	-5.62966e-013	1.27556e-017	
114	4	-0.463648	0.166667	0.167165	5.51211e-009	1.91024e-010	1.12506e-008	7.47993e-019	-6.88874e-013	1.64763e-017	
115	1	-1	-1.#IND	0.167188	6.08451e-009	2.15946e-010	1.22405e-008	-5.86486e-019	-8.00534e-013	1.98921e-017	
116	1	-1	-1.#IND	0.167188	6.08451e-009	2.15946e-010	1.22405e-008	-5.86486e-019	-8.00534e-013	1.98921e-017	
117	1	-1	-1.#IND	0.167187	6.0552e-009	2.14797e-010	1.21903e-008	-5.10437e-019	-7.94718e-013	1.97193e-017	
118	1	-1	-1.#IND	0.167187	6.0552e-009	2.14797e-010	1.21903e-008	-5.10437e-019	-7.94718e-013	1.97193e-017	
119	1	-1	-1.#IND	0.167187	6.0552e-009	2.14797e-010	1.21903e-008	-5.10437e-019	-7.94718e-013	1.97193e-017	
120	1	-1	-1.#IND	0.167187	6.0552e-009	2.14797e-010	1.21903e-008	-5.10437e-019	-7.94718e-013	1.97193e-017	
121	1	-1	-1.#IND	0.167187	6.0552e-009	2.14797e-010	1.21903e-008	-5.10437e-019	-7.94718e-013	1.97193e-017	
122	1	-1	-1.#IND	0.167186	6.02491e-009	2.13529e-010	1.21401e-008	-4.34126e-019	-7.88858e-013	1.95414e-017	
123	1	-1	-1.#IND	0.167186	6.02491e-009	2.13529e-010	1.21401e-008	-4.34126e-019	-7.88858e-013	1.95414e-017	
124	1	-1	-1.#IND	0.167186	6.02491e-009	2.13529e-010	1.21401e-008	-4.34126e-019	-7.88858e-013	1.95414e-017	
125	1	-1	-1.#IND	0.167186	6.02491e-009	2.13529e-010	1.21401e-008	-4.34126e-019	-7.88858e-013	1.95414e-017	
126	1	-1	-1.#IND	0.167186	6.02491e-009	2.13529e-010	1.21401e-008	-4.34126e-019	-7.88858e-013	1.95414e-017	
127	1	-1	-1.#IND	0.167186	6.02491e-009	2.13529e-010	1.21401e-008	-4.34126e-019	-7.88858e-013	1.95414e-017	
128	2	-1	0	0.167186	6.02491e-009	2.13529e-010	1.21401e-008	-4.34126e-019	-7.88858e-013	1.95414e-017	
129	1	-1	-1.#IND	0.167186	6.02491e-009	2.13529e-010	1.21401e-008	-4.34126e-019	-7.88858e-013	1.95414e-017	
130	6	-0.321751	0.0517241	0.167186	6.02491e-009	2.13529e-010	1.21401e-008	-4.34126e-019	-7.88858e-013	1.95414e-017	
131	1	-1	-1.#IND	0.167224	5.52459e-009	2.29355e-010	1.23758e-008	3.43416e-018	-6.98805e-013	2.05658e-017	
132	1	-1	-1.#IND	0.167224	5.52459e-009	2.29355e-010	1.23758e-008	3.43416e-018	-6.98805e-013	2.05658e-017	
133	1	-1	-1.#IND	0.167224	5.52459e-009	2.29355e-010	1.23758e-008	3.43416e-018	-6.98805e-013	2.05658e-017	
134	1	-1	-1.#IND	0.167224	5.52459e-009	2.29355e-010	1.23758e-008	3.43416e-018	-6.98805e-013	2.05658e-017	
135	1	-1	-1.#IND	0.167224	5.52459e-009	2.29355e-010	1.23758e-008	3.43416e-018	-6.98805e-013	2.05658e-017	
136	2	-1	0	0.167224	5.52459e-009	2.29355e-010	1.23758e-008	3.43416e-018	-6.98805e-013	2.05658e-017	
137	2	-1	0	0.167224	5.52459e-009	2.29355e-010	1.23758e-008	3.43416e-018	-6.98805e-013	2.05658e-017	
138	1	-1	-1.#IND	0.167224	5.52459e-009	2.29355e-010	1.23758e-008	3.43416e-018	-6.98805e-013	2.05658e-017	
139	1	-1	-1.#IND	0.167224	5.52459e-009	2.29355e-010	1.23758e-008	3.43416e-018	-6.98805e-013	2.05658e-017	
140	1	-1	-1.#IND	0.167224	5.52459e-009	2.29355e-010	1.23758e-008	3.43416e-018	-6.98805e-013	2.05658e-017	
141	1	-1	-1.#IND	0.167224	5.52459e-009	2.29355e-010	1.23758e-008	3.43416e-018	-6.98805e-013	2.05658e-017	
142	1	-1	-1.#IND	0.167224	5.52459e-009	2.29355e-010	1.23758e-008	3.43416e-018	-6.98805e-013	2.05658e-017	
143	1	-1	-1.#IND	0.167224	5.52459e-009	2.29355e-010	1.23758e-008	3.43416e-018	-6.98805e-013	2.05658e-017	
144	1	-1	-1.#IND	0.167224	5.52459e-009	2.29355e-010	1.23758e-008	3.43416e-018	-6.98805e-013	2.05658e-017	
145	1	-1	-1.#IND	0.167224	5.52459e-009	2.29355e-010	1.23758e-008	3.43416e-018	-6.98805e-013	2.05658e-017	
146	1	-1	-1.#IND	0.167224	5.52459e-009	2.29355e-010	1.23758e-008	3.43416e-018	-6.98805e-013	2.05658e-017	
147	2	-1	0	0.167224	5.52459e-009	2.29355e-010	1.23758e-008	3.43416e-018	-6.98805e-013	2.05658e-017	
148	1	-1	-1.#IND	0.167224	5.52459e-009	2.29355e-010	1.23758e-008	3.43416e-018	-6.98805e-013	2.05658e-017	
149	1	-1	-1.#IND	0.167224	5.52459e-009	2.29355e-010	1.23758e-008	3.43416e-018	-6.98805e-013	2.05658e-017	
150	1	-1	-1.#IND	0.167224	5.52459e-009	2.29355e-010	1.23758e-008	3.43416e-018	-6.98805e-013	2.05658e-017	
151	1	-1	-1.#IND	0.167224	5.52459e-009	2.29355e-010	1.23758e-008	3.43416e-018	-6.98805e-013	2.05658e-017	
152	1	-1	-1.#IND	0.167224	5.52459e-009	2.29355e-010	1.23758e-008	3.43416e-018	-6.98805e-013	2.05658e-017	
153	1	-1	-1.#IND	0.167224	5.52459e-009	2.29355e-010	1.23758e-008	3.43416e-018	-6.98805e-013	2.05658e-017	
154	1	-1	-1.#IND	0.167224	5.52459e-009	2.29355e-010	1.23758e-008	3.43416e-018	-6.98805e-013	2.05658e-017	
155	1	-1	-1.#IND	0.167224	5.52459e-009	2.29355e-010	1.23758e-008	3.43416e-018	-6.98805e-013	2.05658e-017	
156	1	-1	-1.#IND	0.167224	5.52459e-009	2.29355e-010	1.23758e-008	3.43416e-018	-6.98805e-013	2.05658e-017	
157	1	-1	-1.#IND	0.167224	5.52459e-009	2.29355e-010	1.23758e-008	3.43416e-018	-6.98805e-013	2.05658e-017	
158	1	-1	-1.#IND	0.167224	5.52459e-009	2.29355e-010	1.23758e-008	3.43416e-018	-6.98805e-013	2.05658e-017	
159	17	-0.418058	0.149462	0.167224	5.52459e-009	2.29355e-010	1.23758e-008	3.43416e-018	-6.98805e-013	2.05658e-017	
160	1	-1	-1.#IND	0.167265	5.95681e-009	2.42392e-010	1.3622e-008	2.10222e-018	-8.2453e-013	2.46631e-017	
161	1	-1	-1.#IND	0.167265	5.95681e-009	2.42392e-010	1.3622e-008	2.10222e-018	-8.2453e-013	2.46631e-017	
162	11	-0.729631	0.304655	0.167265	5.95681e-009	2.42392e-010	1.3622e-008	2.10222e-018	-8.2453e-013	2.46631e-017	
163	1	-1	-1.#IND	0.167304	6.5205e-009	2.67447e-010	1.5008e-008	-2.29569e-019	-9.79058e-013	3.0067e-017	
164	1	-1	-1.#IND	0.167304	6.5205e-009	2.67447e-010	1.5008e-008	-2.29569e-019	-9.79058e-013	3.0067e-017	
165	1	-1	-1.#IND	0.167304	6.5205e-009	2.67447e-010	1.5008e-008	-2.29569e-019	-9.79058e-013	3.0067e-017	
166	2	-0	0	0.167304	6.5205e-009	2.67447e-010	1.5008e-008	-2.29569e-019	-9.79058e-013	3.0067e-017	
167	1	-1	-1.#IND	0.167304	6.5205e-009	2.67447e-010	1.5008e-008	-2.29569e-019	-9.79058e-013	3.0067e-017	
168	1	-1	-1.#IND	0.167304	6.5205e-009	2.67447e-010	1.5008e-008	-2.29569e-019	-9.79058e-013	3.0067e-017	
169	1	-1	-1.#IND	0.167304	6.5205e-009	2.67447e-010	1.5008e-008	-2.29569e-019	-9.79058e-013	3.0067e-017	
170	1	-1	-1.#IND	0.167304	6.5205e-009	2.67447e-010	1.5008e-008	-2.29569e-019	-9.79058e-013	3.0067e-017	
171	4	-1	0.375	0.167304	6.5205e-009	2.67447e-010	1.5008e-008	-2.29569e-019	-9.79058e-013	3.0067e-017	
172	1	-1	-1.#IND	0.167331	6.62095e-009	2.68668e-010	1.55803e-008	-7.84677e-019	-1.03214e-012	3.18669e-017	
173	1	-1	-1.#IND	0.167331	6.62095e-009	2.68668e-010	1.55803e-008	-7.84677e-019	-1.03214e-012	3.18669e-017	
174	2	-1	0	0.167331	6.62095e-009	2.68668e-010	1.55803e-008	-7.84677e-019	-1.03214e-012	3.18669e-017	
175	1	-1	-1.#IND	0.167331	6.62095e-009	2.68668e-010	1.55803e-008	-7.84677e-019	-1.03214e-012	3.18669e-017	
176	4	-0.231824	0.145898	0.167331	6.62095e-009	2.68668e-010	1.55803e-008	-7.84677e-019	-1.03214e-012	3.18669e-017	
177	1	-1	-1.#IND	0.167367	6.95192e-009	2.80655e-010	1.66776e-008	-3.31235e-018	-1.15676e-012	3.59292e-017	
178	4	-1	0.375	0.167367	6.95192e-009	2.80655e-010	1.66776e-008	-3.31235e-018	-1.15676e-012	3.59292e-017	
179	1	-1	-1.#IND	0.167406	7.09756e-009	2.83375e-010	1.74845e-008	-4.83558e-018	-1.24018e-012	3.86175e-017	
180	1	-1	-1.#IND	0.167406	7.09756e-009	2.83375e-010	1.74845e-008	-4.83558e-018	-1.24018e-012	3.86175e-017	
181	1	-1	-1.#IND	0.167406	7.09756e-009	2.83375e-010	1.74845e-008	-4.83558e-018	-1.24018e-012	3.86175e-017	
182	1	-1	-1.#IND	0.167406	7.09756e-009	2.83375e-010	1.74845e-008	-4.83558e-018	-1.24018e-012	3.86175e-017	
183	1	-1	-1.#IND	0.167406	7.09756e-009	2.83375e-010	1.74845e-008	-4.83558e-018	-1.24018e-012	3.86175e-017	
184	1	-1	-1.#IND	0.167406	7.09756e-009	2.83375e-010	1.74845e-008	-4.83558e-018	-1.24018e-012	3.86175e-017	
185	1	-1	-1.#IND	0.167406	7.09756e-009	2.83375e-010	1.74845e-008	-4.83558e-018	-1.24018e-012	3.86175e-017	
186	1	-1	-1.#IND	0.167406	7.09756e-009	2.83375e-010	1.74845e-008	-4.83558e-018	-1.24018e-012	3.86175e-017	
187	1	-1	-1.#IND	0.167406	7.09756e-009	2.83375e-010	1.74845e-008	-4.83558e-018	-1.24018e-012	3.86175e-017	
188	1	-1	-1.#IND	0.167406	7.09756e-009	2.83375e-010	1.74845e-008	-4.83558e-018	-1.24018e-012	3.86175e-017	
189	1	-1	-1.#IND	0.167406	7.09756e-009	2.83375e-010	1.74845e-008	-4.83558e-018	-1.24018e-012	3.86175e-017	
190	1	-1	-1.#IND	0.167406	7.09756e-009	2.83375e-010	1.74845e-008	-4.83558e-018	-1.24018e-012	3.86175e-017	
191	1	-1	-1.#IND	0.167406	7.09756e-009	2.83375e-010	1.74845e-008	-4.83558e-018	-1.24018e-012	3.86175e-017	
192	2	-1	0	0.167406	7.09756e-009	2.83375e-010	1.74845e-008	-4.83558e-018	-1.24018e-012	3.86175e-017	
193	1	-1	-1.#IND	0.167406	7.09756e-009	2.83375e-010	1.74845e-008	-4.83558e-018	-1.24018e-012	3.86175e-017	
194	1	-1	-1.#IND	0.167406	7.09756e-009	2.83375e-010	1.74845e-008	-4.83558e-018	-1.24018e-012	3.86175e-017	
195	1	-1	-1.#IND	0.167406	7.09756e-009	2.83375e-010	1.74845e-008	-4.83558e-018	-1.24018e-012	3.86175e-017	
196	1	-1	-1.#IND	0.167406	7.09756e-009	2.83375e-010	1.74845e-008	-4.83558e-018	-1.24018e-012	3.86175e-017	
197	1	-1	-1.#IND	0.167406	7.09756e-009	2.83375e-010	1.74845e-008	-4.83558e-018	-1.24018e-012	3.86175e-017	
198	1	-1	-1.#IND	0.167406	7.09756e-009	2.83375e-010	1.74845e-008	-4.83558e-018	-1.24018e-012	3.86175e-017	
199	1	-1	-1.#IND	0.167406	7.09756e-009	2.83375e-010	1.74845e-008	-4.83558e-018	-1.24018e-012	3.86175e-017	
200	1	-1	-1.#IND	0.167406	7.09756e-009	2.83375e-010	1.74845e-008	-4.83558e-018	-1.24018e-012	3.86175e-017	
201	1	-1	-1.#IND	0.167406	7.09756e-009	2.83375e-010	1.74845e-008	-4.83558e-018	-1.24018e-012	3.86175e-017	
202	1	-1	-1.#IND	0.167406	7.09756e-009	2.83375e-010	1.74845e-008	-4.83558e-018	-1.24018e-012	3.86175e-017	
203	1	-1	-1.#IND	0.167406	7.09756e-009	2.83375e-010	1.74845e-008	-4.83558e-018	-1.24018e-012	3.86175e-017	
204	1	-1	-1.#IND	0.167406	7.09756e-009	2.83375e-010	1.74845e-008	-4.83558e-018	-1.24018e-012	3.86175e-017	
205	1	-1	-1.#IND	0.167406	7.09756e-009	2.83375e-010	1.74845e-008	-4.83558e-018	-1.24018e-012	3.86175e-017	
206	1	-1	-1.#IND	0.167406	7.09756e-009	2.83375e-010	1.74845e-008	-4.83558e-018	-1.24018e-012	3.86175e-017	
207	2	-1	0	0.167406	7.09756e-009	2.83375e-010	1.74845e-008	-4.83558e-018	-1.24018e-012	3.86175e-017	
208	1	-1	-1.#IND	0.167406	7.09756e-009	2.83375e-010	1.74845e-008	-4.83558e-018	-1.24018e-012	3.86175e-017	
209	1	-1	-1.#IND	0.167406	7.09756e-009	2.83375e-010	1.74845e-008	-4.83558e-018	-1.24018e-012	3.86175e-017	
210	1	-1	-1.#IND	0.167406	7.09756e-009	2.83375e-010	1.74845e-008	-4.83558e-018	-1.24018e-012	3.86175e-017	
211	8	0.174386	0.350425	0.167406	7.09756e-009	2.83375e-010	1.74845e-008	-4.83558e-018	-1.24018e-012	3.86175e-017	
212	1	-1	-1.#IND	0.167437	6.59582e-009	2.65438e-010	1.73985e-008	-9.79792e-018	-1.23931e-012	3.60828e-017	
213	1	-1	-1.#IND	0.167437	6.59582e-009	2.65438e-010	1.73985e-008	-9.79792e-018	-1.23931e-012	3.60828e-017	
214	23	0.441313	0.359511	0.167437	6.59582e-009	2.65438e-010	1.73985e-008	-9.79792e-018	-1.23931e-012	3.60828e-017	
215	6	0.685556	0.137376	0.167473	5.91808e-009	2.32196e-010	1.75438e-008	-1.51601e-017	-1.22854e-012	3.19993e-017	
216	1	-1	-1.#IND	0.167507	5.14558e-009	1.67386e-010	1.8225e-008	-1.75887e-017	-1.20567e-012	2.6531e-017	
217	2	-1	0	0.167506	5.1596e-009	1.67908e-010	1.82188e-008	-1.7475e-017	-1.20585e-012	2.66461e-017	
218	6	0.519146	0.197531	0.167506	5.1596e-009	1.67908e-010	1.82188e-008	-1.7475e-017	-1.20585e-012	2.66461e-017	
219	1	-1	-1.#IND	0.167536	4.71383e-009	1.53525e-010	1.82913e-008	-2.04814e-017	-1.18484e-012	2.28045e-017	
220	1	-1	-1.#IND	0.167536	4.71383e-009	1.53525e-010	1.82913e-008	-2.04814e-017	-1.18484e-012	2.28045e-017	
221	1	-1	-1.#IND	0.167535	4.73052e-009	1.55088e-010	1.82646e-008	-2.04624e-017	-1.18508e-012	2.29399e-017	
222	6	-0.254535	0.219857	0.167535	4.73052e-009	1.55088e-010	1.82646e-008	-2.04624e-017	-1.18508e-012	2.29399e-017	
223	1	-1	-1.#IND	0.16758	5.45788e-009	1.39256e-010	1.60636e-008	-1.47985e-017	-1.12851e-012	1.89268e-017	
224	1	-1	-1.#IND	0.16758	5.45788e-009	1.39256e-010	1.60636e-008	-1.47985e-017	-1.12851e-012	1.89268e-017	
225	1	-1	-1.#IND	0.16758	5.45788e-009	1.39256e-010	1.60636e-008	-1.47985e-017	-1.12851e-012	1.89268e-017	
226	1	-1	-1.#IND	0.16758	5.45788e-009	1.39256e-010	1.60636e-008	-1.47985e-017	-1.12851e-012	1.89268e-017	
227	3	-1	0	0.16758	5.45788e-009	1.39256e-010	1.60636e-008	-1.47985e-017	-1.12851e-012	1.89268e-017	
228	1	-1	-1.#IND	0.167619	6.09909e-009	1.31707e-010	1.42499e-008	-1.11032e-017	-1.06825e-012	1.6057e-017	
229	1	-1	-1.#IND	0.167619	6.09909e-009	1.31707e-010	1.42499e-008	-1.11032e-017	-1.06825e-012	1.6057e-017	
230	2	-1	0	0.167619	6.09909e-009	1.31707e-010	1.42499e-008	-1.11032e-017	-1.06825e-012	1.6057e-017	
231	1	-1	-1.#IND	0.167619	6.09909e-009	1.31707e-010	1.42499e-008	-1.11032e-017	-1.06825e-012	1.6057e-017	
232	1	-1	-1.#IND	0.167619	6.09909e-009	1.31707e-010	1.42499e-008	-1.11032e-017	-1.06825e-012	1.6057e-017	
233	1	-1	-1.#IND	0.167619	6.09909e-009	1.31707e-010	1.42499e-008	-1.11032e-017	-1.06825e-012	1.6057e-017	
234	1	-1	-1.#IND	0.167619	6.09909e-009	1.31707e-010	1.42499e-008	-1.11032e-017	-1.06825e-012	1.6057e-017	
235	1	-1	-1.#IND	0.167619	6.09909e-009	1.31707e-010	1.42499e-008	-1.11032e-017	-1.06825e-012	1.6057e-017	
236	1	-1	-1.#IND	0.167619	6.09909e-009	1.31707e-010	1.42499e-008	-1.11032e-017	-1.06825e-012	1.6057e-017	
237	1	-1	-1.#IND	0.167619	6.09909e-009	1.31707e-010	1.42499e-008	-1.11032e-017	-1.06825e-012	1.6057e-017	
238	7	0.348174	0.109175	0.167619	6.09909e-009	1.31707e-010	1.42499e-008	-1.11032e-017	-1.06825e-012	1.6057e-017	
239	1	-1	-1.#IND	0.167662	5.00255e-009	7.65727e-011	1.50098e-008	-1.19559e-017	-1.03807e-012	1.07703e-017	
240	1	-1	-1.#IND	0.167662	5.00255e-009	7.65727e-011	1.50098e-008	-1.19559e-017	-1.03807e-012	1.07703e-017	
241	1	-1	-1.#IND	0.167662	5.00255e-009	7.65727e-011	1.50098e-008	-1.19559e-017	-1.03807e-012	1.07703e-017	
242	1	-1	-1.#IND	0.167661	5.02214e-009	7.75618e-011	1.49868e-008	-1.19593e-017	-1.03822e-012	1.08655e-017	
243	2	-1	0	0.167661	5.02214e-009	7.75618e-011	1.49868e-008	-1.19593e-017	-1.03822e-012	1.08655e-017	
244	1	-1	-1.#IND	0.167661	5.02214e-009	7.75618e-011	1.49868e-008	-1.19593e-017	-1.03822e-012	1.08655e-017	
245	74	0.216552	0.526099	0.167658	5.08531e-009	8.12887e-011	1.49093e-008	-1.2043e-017	-1.03879e-012	1.11522e-017	
246	1	-1	-1.#IND	0.167696	4.13025e-009	3.34017e-011	1.58677e-008	-9.63003e-018	-1.00112e-012	6.3805e-018	
247	1	-1	-1.#IND	0.167696	4.13025e-009	3.34017e-011	1.58677e-008	-9.63003e-018	-1.00112e-012	6.3805e-018	
248	1	-1	-1.#IND	0.167696	4.13025e-009	3.34017e-011	1.58677e-008	-9.63003e-018	-1.00112e-012	6.3805e-018	
249	1	-1	-1.#IND	0.167696	4.13025e-009	3.34017e-011	1.58677e-008	-9.63003e-018	-1.00112e-012	6.3805e-018	
250	1	-1	-1.#IND	0.167696	4.13025e-009	3.34017e-011	1.58677e-008	-9.63003e-018	-1.00112e-012	6.3805e-018	
251	1	-1	-1.#IND	0.167696	4.13025e-009	3.34017e-011	1.58677e-008	-9.63003e-018	-1.00112e-012	6.3805e-018	
252	1	-1	-1.#IND	0.167696	4.13025e-009	3.34017e-011	1.58677e-008	-9.63003e-018	-1.00112e-012	6.3805e-018	
253	1	-1	-1.#IND	0.167696	4.13025e-009	3.34017e-011	1.58677e-008	-9.63003e-018	-1.00112e-012	6.3805e-018	
254	1	-1	-1.#IND	0.167695	4.11523e-009	3.35044e-011	1.59219e-008	-9.71662e-018	-1.0023e-012	6.38924e-018	
255	6	-0.244979	0.190476	0.167695	4.11523e-009	3.35044e-011	1.59219e-008	-9.71662e-018	-1.0023e-012	6.38924e-018	
256	1	-1	-1.#IND	0.167734	3.40614e-009	4.74471e-012	1.72545e-008	-3.18324e-018	-9.78758e-013	3.77364e-018	
257	2	-1	0	0.167734	3.40614e-009	4.74471e-012	1.72545e-008	-3.18324e-018	-9.78758e-013	3.77364e-018	
258	6	-0.257032	0.123007	0.167734	3.40614e-009	4.74471e-012	1.72545e-008	-3.18324e-018	-9.78758e-013	3.77364e-018	
259	1	-1	-1.#IND	0.167785	3.22078e-009	8.64109e-012	1.58869e-008	-4.74596e-018	-9.00068e-013	3.48198e-018	
260	1	-1	-1.#IND	0.167785	3.22078e-009	8.64109e-012	1.58869e-008	-4.74596e-018	-9.00068e-013	3.48198e-018	
261	1	-1	-1.#IND	0.167785	3.22078e-009	8.64109e-012	1.58869e-008	-4.74596e-018	-9.00068e-013	3.48198e-018	
262	1	-1	-1.#IND	0.167785	3.22078e-009	8.64109e-012	1.58869e-008	-4.74596e-018	-9.00068e-013	3.48198e-018	
263	26	0.132446	0.599356	0.167781	3.23245e-009	8.37157e-012	1.59723e-008	-4.65469e-018	-9.05832e-013	3.52791e-018	
264	1	-1	-1.#IND	0.167815	3.08862e-009	1.22206e-011	1.51339e-008	-5.81476e-018	-8.39143e-013	2.92358e-018	
265	1	-1	-1.#IND	0.167815	3.08862e-009	1.22206e-011	1.51339e-008	-5.81476e-018	-8.39143e-013	2.92358e-018	
266	2	-1	0	0.167815	3.08862e-009	1.22206e-011	1.51339e-008	-5.81476e-018	-8.39143e-013	2.92358e-018	
267	1	-1	-1.#IND	0.167815	3.08862e-009	1.22206e-011	1.51339e-008	-5.81476e-018	-8.39143e-013	2.92358e-018	
268	1	-1	-1.#IND	0.167815	3.08862e-009	1.22206e-011	1.51339e-008	-5.81476e-018	-8.39143e-013	2.92358e-018	
269	2	-1	0	0.167815	3.08862e-009	1.22206e-011	1.51339e-008	-5.81476e-018	-8.39143e-013	2.92358e-018	
270	3	0	0.333333	0.167815	3.08862e-009	1.22206e-011	1.51339e-008	-5.81476e-018	-8.39143e-013	2.92358e-018	
271	54	0.0509166	0.114244	0.167853	3.5518e-009	1.86894e-011	1.33939e-008	-5.2598e-018	-7.77114e-013	4.15235e-018	
272	1	-1	-1.#IND	0.167886	3.17176e-009	1.87378e-011	1.31598e-008	-6.19687e-018	-6.87798e-013	2.07426e-018	
273	4	0.231824	0.145898	0.167886	3.17176e-009	1.87378e-011	1.31598e-008	-6.19687e-018	-6.87798e-013	2.07426e-018	
274	6	-0.238234	0.0556871	0.167923	3.43668e-009	3.04653e-011	1.19144e-008	-7.02401e-018	-5.86869e-013	1.47936e-018	
275	1	-1	-1.#IND	0.167956	2.53481e-009	9.60432e-012	1.32379e-008	-3.98993e-018	-5.62508e-013	2.52208e-018	
276	1	-1	-1.#IND	0.167956	2.53481e-009	9.60432e-012	1.32379e-008	-3.98993e-018	-5.62508e-013	2.52208e-018	
277	2	-0	0	0.167955	2.52296e-009	9.4014e-012	1.32795e-008	-3.97044e-018	-5.64813e-013	2.50035e-018	
278	3	-0	0.333333	0.167954	2.54333e-009	9.62666e-012	1.32361e-008	-4.05536e-018	-5.64703e-013	2.42426e-018	
279	2	-1	0	0.167981	1.91708e-009	8.11854e-012	1.45703e-008	-7.34519e-019	-5.58885e-013	4.95709e-018	
280	1	-1	-1.#IND	0.16798	1.92126e-009	8.16946e-012	1.45854e-008	-6.831e-019	-5.61785e-013	4.98817e-018	
281	1	-1	-1.#IND	0.16798	1.92126e-009	8.16946e-012	1.45854e-008	-6.831e-019	-5.61785e-013	4.98817e-018	
282	1	-1	-1.#IND	0.16798	1.92126e-009	8.16946e-012	1.45854e-008	-6.831e-019	-5.61785e-013	4.98817e-018	
283	2	-1	0	0.16798	1.92126e-009	8.16946e-012	1.45854e-008	-6.831e-019	-5.61785e-013	4.98817e-018	
284	1	-1	-1.#IND	0.16798	1.92126e-009	8.16946e-012	1.45854e-008	-6.831e-019	-5.61785e-013	4.98817e-018	
285	1	-1	-1.#IND	0.167979	1.93634e-009	7.87112e-012	1.45383e-008	-7.83707e-019	-5.61215e-013	4.85515e-018	
286	1	-1	-1.#IND	0.167979	1.93634e-009	7.87112e-012	1.45383e-008	-7.83707e-019	-5.61215e-013	4.85515e-018	
287	2	-1	0	0.167979	1.93634e-009	7.87112e-012	1.45383e-008	-7.83707e-019	-5.61215e-013	4.85515e-018	
288	1	-1	-1.#IND	0.167979	1.93634e-009	7.87112e-012	1.45383e-008	-7.83707e-019	-5.61215e-013	4.85515e-018	
289	1	-1	-1.#IND	0.167979	1.93634e-009	7.87112e-012	1.45383e-008	-7.83707e-019	-5.61215e-013	4.85515e-018	
290	1	-1	-1.#IND	0.167979	1.93634e-009	7.87112e-012	1.45383e-008	-7.83707e-019	-5.61215e-013	4.85515e-018	
291	1	-1	-1.#IND	0.167979	1.93634e-009	7.87112e-012	1.45383e-008	-7.83707e-019	-5.61215e-013	4.85515e-018	
292	1	-1	-1.#IND	0.167979	1.93634e-009	7.87112e-012	1.45383e-008	-7.83707e-019	-5.61215e-013	4.85515e-018	
293	1	-1	-1.#IND	0.167979	1.93634e-009	7.87112e-012	1.45383e-008	-7.83707e-019	-5.61215e-013	4.85515e-018	
294	1	-1	-1.#IND	0.167979	1.93634e-009	7.87112e-012	1.45383e-008	-7.83707e-019	-5.61215e-013	4.85515e-018	
295	1	-1	-1.#IND	0.167979	1.93634e-009	7.87112e-012	1.45383e-008	-7.83707e-019	-5.61215e-013	4.85515e-018	
296	1	-1	-1.#IND	0.167979	1.93634e-009	7.87112e-012	1.45383e-008	-7.83707e-019	-5.61215e-013	4.85515e-018	
297	1	-1	-1.#IND	0.167979	1.93634e-009	7.87112e-012	1.45383e-008	-7.83707e-019	-5.61215e-013	4.85515e-018	
298	117	-0.447272	0.822963	0.167979	1.93634e-009	7.87112e-012	1.45383e-008	-7.83707e-019	-5.61215e-013	4.85515e-018	
299	1	-1	-1.#IND	0.168024	1.61942e-009	4.98922e-012	1.40379e-008	-3.36531e-018	-3.774e-013	1.57369e-018	
300	1	-1	-1.#IND	0.168024	1.61942e-009	4.98922e-012	1.40379e-008	-3.36531e-018	-3.774e-013	1.57369e-018	
301	1	-1	-1.#IND	0.168024	1.61942e-009	4.98922e-012	1.40379e-008	-3.36531e-018	-3.774e-013	1.57369e-018	
302	1	-1	-1.#IND	0.168024	1.61942e-009	4.98922e-012	1.40379e-008	-3.36531e-018	-3.774e-013	1.57369e-018	
303	347	0.725513	0.924593	0.168024	1.61942e-009	4.98922e-012	1.40379e-008	-3.36531e-018	-3.774e-013	1.57369e-018	
304	1	-1	-1.#IND	0.168062	8.20007e-010	1.21923e-012	1.52408e-008	1.97132e-018	-2.41287e-013	6.55859e-019	
305	1	-1	-1.#IND	0.168062	8.20007e-010	1.21923e-012	1.52408e-008	1.97132e-018	-2.41287e-013	6.55859e-019	
306	1	-1	-1.#IND	0.168062	8.20007e-010	1.21923e-012	1.52408e-008	1.97132e-018	-2.41287e-013	6.55859e-019	
307	1	-1	-1.#IND	0.168062	8.20007e-010	1.21923e-012	1.52408e-008	1.97132e-018	-2.41287e-013	6.55859e-019	
308	5	-0.785398	0.155556	0.168062	8.20007e-010	1.21923e-012	1.52408e-008	1.97132e-018	-2.41287e-013	6.55859e-019	
309	1	-1	-1.#IND	0.168106	1.23051e-009	3.37164e-012	1.39593e-008	-3.02831e-018	-7.0759e-014	2.54464e-020	
310	1	-1	-1.#IND	0.168106	1.23051e-009	3.37164e-012	1.39593e-008	-3.02831e-018	-7.0759e-014	2.54464e-020	
311	1	-1	-1.#IND	0.168106	1.23051e-009	3.37164e-012	1.39593e-008	-3.02831e-018	-7.0759e-014	2.54464e-020	
312	1	-1	-1.#IND	0.168106	1.23051e-009	3.37164e-012	1.39593e-008	-3.02831e-018	-7.0759e-014	2.54464e-020	
313	1	-1	-1.#IND	0.168106	1.23051e-009	3.37164e-012	1.39593e-008	-3.02831e-018	-7.0759e-014	2.54464e-020	
314	1	-1	-1.#IND	0.168106	1.23051e-009	3.37164e-012	1.39593e-008	-3.02831e-018	-7.0759e-014	2.54464e-020	
315	1	-1	-1.#IND	0.168106	1.23051e-009	3.37164e-012	1.39593e-008	-3.02831e-018	-7.0759e-014	2.54464e-020	
316	1	-1	-1.#IND	0.168106	1.23051e-009	3.37164e-012	1.39593e-008	-3.02831e-018	-7.0759e-014	2.54464e-020	
317	1	-1	-1.#IND	0.168106	1.23051e-009	3.37164e-012	1.39593e-008	-3.02831e-018	-7.0759e-014	2.54464e-020	
318	1	-1	-1.#IND	0.168106	1.23051e-009	3.37164e-012	1.39593e-008	-3.02831e-018	-7.0759e-014	2.54464e-020	
319	6	-0.214881	0.216604	0.168106	1.23051e-009	3.37164e-012	1.39593e-008	-3.02831e-018	-7.0759e-014	2.54464e-020	
320	8	0.515188	0.380706	0.16814	1.5627e-009	1.45274e-011	1.34348e-008	-4.94306e-018	1.0323e-013	-3.28538e-018	
321	1	-1	-1.#IND	0.168175	2.00822e-009	3.47543e-011	1.31233e-008	-5.03637e-018	2.87527e-013	-7.29268e-018	
322	1	-1	-1.#IND	0.168175	2.00822e-009	3.47543e-011	1.31233e-008	-5.03637e-018	2.87527e-013	-7.29268e-018	
323	1	-1	-1.#IND	0.168175	2.00822e-009	3.47543e-011	1.31233e-008	-5.03637e-018	2.87527e-013	-7.29268e-018	
324	1	-1	-1.#IND	0.168175	2.00822e-009	3.47543e-011	1.31233e-008	-5.03637e-018	2.87527e-013	-7.29268e-018	
325	1	-1	-1.#IND	0.168175	2.00822e-009	3.47543e-011	1.31233e-008	-5.03637e-018	2.87527e-013	-7.29268e-018	
326	1	-1	-1.#IND	0.168175	2.00822e-009	3.47543e-011	1.31233e-008	-5.03637e-018	2.87527e-013	-7.29268e-018	
327	1	-1	-1.#IND	0.168175	2.00822e-009	3.47543e-011	1.31233e-008	-5.03637e-018	2.87527e-013	-7.29268e-018	
328	1	-1	-1.#IND	0.168175	2.00822e-009	3.47543e-011	1.31233e-008	-5.03637e-018	2.87527e-013	-7.29268e-018	
329	1	-1	-1.#IND	0.168175	2.00822e-009	3.47543e-011	1.31233e-008	-5.03637e-018	2.87527e-013	-7.29268e-018	
330	1	-1	-1.#IND	0.168175	2.00822e-009	3.47543e-011	1.31233e-008	-5.03637e-018	2.87527e-013	-7.29268e-018	
331	2	-1	0	0.168175	2.00822e-009	3.47543e-011	1.31233e-008	-5.03637e-018	2.87527e-013	-7.29268e-018	
332	1	-1	-1.#IND	0.168175	2.00822e-009	3.47543e-011	1.31233e-008	-5.03637e-018	2.87527e-013	-7.29268e-018	
333	1	-1	-1.#IND	0.168175	2.00822e-009	3.47543e-011	1.31233e-008	-5.03637e-018	2.87527e-013	-7.29268e-018	
334	1	-1	-1.#IND	0.168175	2.00822e-009	3.47543e-011	1.31233e-008	-5.03637e-018	2.87527e-013	-7.29268e-018	
335	1	-1	-1.#IND	0.168175	2.00822e-009	3.47543e-011	1.31233e-008	-5.03637e-018	2.87527e-013	-7.29268e-018	
336	3	-0	0.333333	0.168175	2.00822e-009	3.47543e-011	1.31233e-008	-5.03637e-018	2.87527e-013	-7.29268e-018	
337	6	-1	0.366667	0.168213	1.09559e-009	3.38242e-012	1.51335e-008	-3.84435e-019	3.70488e-013	-3.40227e-018	
338	1	-1	-1.#IND	0.168242	3.57773e-010	1.29739e-011	1.73742e-008	-8.77921e-019	3.05403e-013	8.20199e-018	
339	1	-1	-1.#IND	0.168242	3.57773e-010	1.29739e-011	1.73742e-008	-8.77921e-019	3.05403e-013	8.20199e-018	
340	1	-1	-1.#IND	0.168242	3.57773e-010	1.29739e-011	1.73742e-008	-8.77921e-019	3.05403e-013	8.20199e-018	
341	1	-1	-1.#IND	0.168242	3.57773e-010	1.29739e-011	1.73742e-008	-8.77921e-019	3.05403e-013	8.20199e-018	
342	1	-1	-1.#IND	0.168242	3.57773e-010	1.29739e-011	1.73742e-008	-8.77921e-019	3.05403e-013	8.20199e-018	
343	1	-1	-1.#IND	0.168242	3.57773e-010	1.29739e-011	1.73742e-008	-8.77921e-019	3.05403e-013	8.20199e-018	
344	1	-1	-1.#IND	0.168242	3.57773e-010	1.29739e-011	1.73742e-008	-8.77921e-019	3.05403e-013	8.20199e-018	
345	5	0.620249	0.0133333	0.168242	3.57773e-010	1.29739e-011	1.73742e-008	-8.77921e-019	3.05403e-013	8.20199e-018	
346	1	-1	-1.#IND	0.168282	6.12904e-010	1.24957e-011	1.86267e-008	4.2902e-018	4.53935e-013	7.89618e-018	
347	1	-1	-1.#IND	0.168282	6.12904e-010	1.24957e-011	1.86267e-008	4.2902e-018	4.53935e-013	7.89618e-018	
348	1	-1	-1.#IND	0.168281	6.16943e-010	1.18035e-011	1.85617e-008	4.24743e-018	4.55074e-013	7.57923e-018	
349	2	-1	0	0.168281	6.16943e-010	1.18035e-011	1.85617e-008	4.24743e-018	4.55074e-013	7.57923e-018	
350	9	-0.294001	0.222289	0.168281	6.16943e-010	1.18035e-011	1.85617e-008	4.24743e-018	4.55074e-013	7.57923e-018	
351	1	-1	-1.#IND	0.16832	1.00045e-009	4.24198e-011	2.05694e-008	1.15556e-017	5.20216e-013	1.53507e-017	
352	1	-1	-1.#IND	0.168319	9.86325e-010	4.18207e-011	2.05277e-008	1.14011e-017	5.18179e-013	1.5224e-017	
353	1	-1	-1.#IND	0.168318	9.7193e-010	4.12498e-011	2.04871e-008	1.12443e-017	5.15979e-013	1.51086e-017	
354	1	-1	-1.#IND	0.168318	9.7193e-010	4.12498e-011	2.04871e-008	1.12443e-017	5.15979e-013	1.51086e-017	
355	1	-1	-1.#IND	0.168318	9.7193e-010	4.12498e-011	2.04871e-008	1.12443e-017	5.15979e-013	1.51086e-017	
356	1	-1	-1.#IND	0.168318	9.7193e-010	4.12498e-011	2.04871e-008	1.12443e-017	5.15979e-013	1.51086e-017	
357	1	-1	-1.#IND	0.168317	9.57127e-010	4.06815e-011	2.0447e-008	1.10805e-017	5.13622e-013	1.49996e-017	
358	1	-1	-1.#IND	0.168317	9.57127e-010	4.06815e-011	2.0447e-008	1.10805e-017	5.13622e-013	1.49996e-017	
359	2	-0	0	0.168317	9.57127e-010	4.06815e-011	2.0447e-008	1.10805e-017	5.13622e-013	1.49996e-017	
360	1	-1	-1.#IND	0.168316	9.41834e-010	4.0135e-011	2.04078e-008	1.09106e-017	5.11053e-013	1.49025e-017	
361	1	-1	-1.#IND	0.168316	9.41834e-010	4.0135e-011	2.04078e-008	1.09106e-017	5.11053e-013	1.49025e-017	
362	2	-1	0	0.168316	9.41834e-010	4.0135e-011	2.04078e-008	1.09106e-017	5.11053e-013	1.49025e-017	
363	1	-1	-1.#IND	0.168316	9.41834e-010	4.0135e-011	2.04078e-008	1.09106e-017	5.11053e-013	1.49025e-017	
364	1	-1	-1.#IND	0.168316	9.41834e-010	4.0135e-011	2.04078e-008	1.09106e-017	5.11053e-013	1.49025e-017	
365	1	-1	-1.#IND	0.168316	9.41834e-010	4.0135e-011	2.04078e-008	1.09106e-017	5.11053e-013	1.49025e-017	
366	3	-0	0.333333	0.168316	9.41834e-010	4.0135e-011	2.04078e-008	1.09106e-017	5.11053e-013	1.49025e-017	
367	1	-1	-1.#IND	0.168355	2.00575e-009	4.39894e-011	2.12924e-008	1.80822e-017	7.18255e-013	9.88299e-018	
368	1	-1	-1.#IND	0.168355	2.00575e-009	4.39894e-011	2.12924e-008	1.80822e-017	7.18255e-013	9.88299e-018	
369	1	-1	-1.#IND	0.168355	2.00575e-009	4.39894e-011	2.12924e-008	1.80822e-017	7.18255e-013	9.88299e-018	
370	1	-1	-1.#IND	0.168355	2.00575e-009	4.39894e-011	2.12924e-008	1.80822e-017	7.18255e-013	9.88299e-018	
371	1	-1	-1.#IND	0.168355	2.00575e-009	4.39894e-011	2.12924e-008	1.80822e-017	7.18255e-013	9.88299e-018	
372	1	-1	-1.#IND	0.168355	2.00575e-009	4.39894e-011	2.12924e-008	1.80822e-017	7.18255e-013	9.88299e-018	
373	1	-1	-1.#IND	0.168355	2.00575e-009	4.39894e-011	2.12924e-008	1.80822e-017	7.18255e-013	9.88299e-018	
374	1	-1	-1.#IND	0.168355	2.00575e-009	4.39894e-011	2.12924e-008	1.80822e-017	7.18255e-013	9.88299e-018	
375	1	-1	-1.#IND	0.168355	2.00575e-009	4.39894e-011	2.12924e-008	1.80822e-017	7.18255e-013	9.88299e-018	
376	1	-1	-1.#IND	0.168355	2.00575e-009	4.39894e-011	2.12924e-008	1.80822e-017	7.18255e-013	9.88299e-018	
377	1	-1	-1.#IND	0.168355	2.00575e-009	4.39894e-011	2.12924e-008	1.80822e-017	7.18255e-013	9.88299e-018	
378	1	-1	-1.#IND	0.168355	2.00575e-009	4.39894e-011	2.12924e-008	1.80822e-017	7.18255e-013	9.88299e-018	
