Time 	Number in Queue
0.1		2
0.2		1
0.3		3
0.4		0
0.5		0
0.6		1
0.7		1
0.7999		2
0.9		3
0.9999		1
1.0999		0
1.2		1
1.3		2
1.4		1
1.5		0
1.6		3
1.7		0
1.8		0
1.9		0
2.0		3
2.1		5
2.2		4
2.3		5
2.4		4
2.5		4
2.6		3
2.7		0
2.8		1
2.9		2
3.0		4
3.1		4
3.2		1
3.3		3
3.4		5
3.5		4
3.6		4
3.7		2
3.8		4
3.9		4
4.0		5
4.1		2
4.2		1
4.3		0
4.4		3
4.5		0
4.6		2
4.6999		0
4.7999		2
4.8999		4
4.9999		0
5.0999		3
5.1999		0
5.2999		2
5.3999		4
5.4999		4
5.5999		4
5.6999		3
5.7999		5
5.8999		5
5.9999		5
6.0999		5
6.1999		5
6.2999		3
6.3999		0
6.4999		4
6.5999		5
6.6999		1
6.7999		1
6.8999		1
6.9999		2
7.0999		4
7.1999		2
7.2999		1
7.3999		0
7.4999		0
7.5999		3
7.6999		4
7.7999		3
7.8999		5
7.9999		4
8.0999		2
8.1999		0
8.2999		2
8.3999		5
8.4999		3
8.5999		5
8.6999		5
8.7999		3
8.8999		2
8.9999		0
9.0999		1
9.1999		2
9.2999		5
9.3999		3
9.4999		2
9.5999		0
9.6999		0
9.7999		0
9.8999		0
9.9999		1
10.0999		2
10.1999		2
10.2999		2
10.3999		1
10.4999		3
10.5999		3
10.6999		5
10.7999		3
10.8999		2
10.9999		1
11.0999		2
11.1999		0
11.2999		1
11.3999		3
11.4999		4
11.5999		1
11.6999		5
11.7999		0
11.8999		0
11.9999		0
12.0999		5
12.1999		2
12.2999		5
12.3999		5
12.4999		3
12.5999		2
12.6999		4
12.7999		4
12.8999		5
12.9999		5
13.0999		2
13.1999		2
13.2999		2
13.3999		3
13.4999		4
13.5999		1
13.6999		1
13.7999		3
13.8999		5
13.9999		2
14.0999		5
14.1999		4
14.2999		2
14.3999		3
14.4999		2
14.5999		2
14.6999		2
14.7999		2
14.8999		4
14.9999		3
15.0999		5
15.1999		4
15.2999		2
15.3999		3
15.4999		1
15.5999		0
15.6999		2
15.7999		1
15.8999		1
15.9999		2
16.0999		4
16.1999		2
16.2999		1
16.3999		0
16.4999		2
16.5999		2
16.6999		4
16.7999		3
16.8999		4
16.9999		5
17.0999		2
17.1999		4
17.2999		2
17.3999		2
17.4999		0
17.5999		4
17.6999		5
17.7999		1
17.8999		0
17.9999		5
18.0999		4
18.1999		3
18.2999		5
18.3999		5
18.4999		3
18.5999		3
18.6999		2
18.7999		3
18.9		2
19.0		5
19.1		4
19.2		3
19.3		1
19.4		1
19.5		3
19.6		5
19.7		1
19.8		4
19.9		1
20.0		0
20.1		1
20.2		0
20.3		1
20.4		3
20.5		2
20.6		4
20.7		5
20.8		3
20.9		2
21.0		1
21.1		1
21.2		2
21.3		0
21.4		4
21.5		2
21.6		0
21.7		0
21.8		1
21.9		0
22.0		2
22.1		1
22.2		4
22.3		3
22.4		2
22.5		5
22.6		4
22.7		4
22.8		1
22.9		3
23.0		3
23.1		2
23.2		4
23.3		3
23.4		0
23.5		0
23.6		2
23.7		3
23.8		5
23.9		5
24.0		4
24.1		2
24.2		3
24.3		4
24.4		3
24.5		2
24.6		5
24.7		5
24.8		3
24.9		5
25.0		3
25.1		3
25.2		2
25.3		4
25.4		3
25.5		1
25.6		5
25.7		5
25.8		4
25.9		4
26.0		4
26.1		4
26.2		2
26.3		0
26.4		2
26.5		1
26.6		1
26.7		0
26.8		1
26.9		0
27.0		1
27.1		2
27.2		2
27.3		4
27.4		5
27.5		4
27.6		5
27.7		3
27.8		2
27.9		2
28.0		2
28.1		4
28.2		1
28.3		2
28.4		1
28.5		0
28.6		1
28.7		1
28.8		4
28.9		1
29.0		0
29.1		0
29.2		4
29.3		3
29.4		5
29.5		3
29.6		1
29.7		1
29.8		0
29.9		0
30.0		3
30.1		5
30.2		5
30.3		2
30.4		3
30.5		3
30.6		3
30.7		1
30.8		1
30.9		0
31.0		2
31.1		2
31.2		3
31.3		0
31.4		1
31.5		0
31.6		0
31.7		0
31.8		1
31.9		2
32.0		1
32.1		0
32.2		0
32.3		1
32.4		0
32.5		2
32.6		0
32.7		4
32.8		4
32.9		2
33.0		2
33.1		5
33.2		4
33.3		1
33.4		0
33.5		3
33.6		4
33.7		4
33.8		5
33.9		5
34.0		1
34.1		0
34.2		2
34.3		3
34.4		4
34.5		4
34.6		4
34.7		4
34.8		4
34.9		5
35.0		4
35.1		2
35.2		0
35.3		1
35.4		0
35.5		0
35.6		0
35.7		3
35.8		5
35.9		4
36.0		4
36.1		4
36.2		5
36.3		5
36.4		3
36.5		5
36.6		5
36.7		5
36.8		0
36.9		0
37.0		2
37.1		0
37.2		3
37.3		1
37.4		3
37.5		1
37.6		3
37.7		5
37.8		3
37.9		4
38.0		3
38.1		0
38.2		0
38.3		0
38.4		1
38.5		1
38.6		2
38.7		2
38.8		1
38.9		4
39.0		2
39.1		4
39.2		0
39.3		2
39.4		0
39.5		2
39.6		2
39.7		2
39.8		2
39.9		1
40.0		0
40.1		1
40.2		0
40.3		3
40.4		3
40.5		5
40.6		4
40.7		1
40.8		3
40.9		4
41.0		5
41.1		1
41.2		0
41.3		0
41.4		3
41.5		3
41.6		4
41.7		4
41.8		3
41.9		0
42.0		5
42.1		4
42.2		5
42.3		3
42.4		4
42.5		1
42.6		0
42.7		0
42.8		2
42.9		1
43.0		2
43.1		0
43.2		3
43.3		5
43.4		4
43.5		2
43.6		3
43.7		2
43.8		3
43.9		1
44.0		2
44.1		5
44.2		2
44.3		0
44.4		2
44.5		3
44.6		4
44.7		1
44.8		2
44.9		5
45.0		4
45.1		5
45.2		5
45.3		4
45.4		4
45.5		5
45.6		0
45.7		1
45.8		1
45.9		0
46.0		0
46.1		4
46.2		2
46.3		3
46.4		3
46.5		2
46.6		4
46.7		2
46.8		3
46.9		1
47.0		1
47.1		0
47.2		3
47.3		3
47.4		4
47.5		0
47.6		4
47.7		5
47.8		5
47.9		5
48.0		3
48.1		1
48.2		1
48.3		2
48.4		2
48.5		1
48.6		1
48.7		0
48.8		1
48.9		0
49.0		3
49.1		1
49.2		4
49.3		4
49.4		3
49.5		5
49.6		4
49.7		2
49.8		0
49.9		1
50.0		1
50.1		0
50.2		0
50.3		0
50.4		0
50.5		2
50.6		3
50.7		2
50.8		1
50.9		3
51.0		0
51.1		1
51.2		0
51.3		3
51.4		4
51.5		0
51.6		1
51.7		0
51.8		2
51.9		5
52.0		4
52.1		3
52.2		3
52.3		5
52.4		0
52.5		1
52.6		1
52.7		4
52.8		1
52.9		1
53.0		0
53.1		3
53.2		2
53.3		4
53.4		1
53.5		4
53.6		0
53.7		4
53.8		2
53.9		1
54.0		3
54.1		1
54.2		2
54.3		2
54.4		5
54.5		2
54.6		3
54.7		1
54.8		2
54.9		0
55.0		2
55.1		0
55.2		1
55.3		1
55.4		0
55.5		2
55.6		1
55.7		0
55.8		0
55.9		3
56.0		1
56.1		2
56.2		2
56.3		2
56.4		2
56.5		3
56.6		1
56.7		0
56.8		0
56.9		0
57.0		4
57.1		1
57.2		1
57.3		3
57.4		2
57.5		1
57.6		0
57.7		1
57.8		1
57.9		3
58.0		1
58.1		5
58.2		4
58.3		3
58.4		2
58.5		1
58.6		0
58.7		2
58.8		3
58.9		4
59.0		3
59.1		2
59.2		0
59.3		1
59.4		0
59.5		2
59.6		1
59.7		3
59.8		2
59.9		3
60.0		4
60.1		2
60.2		5
60.3		2
60.4		1
60.5		2
60.6		0
60.7		1
60.8		1
60.9		3
61.0		1
61.1		4
61.2		4
61.3		3
61.4		5
61.5		5
61.6		5
61.7		2
61.8		3
61.9		1
62.0		0
62.1		1
62.2		3
62.3		5
62.4		2
62.5		0
62.6		3
62.7		2
62.8		5
62.9		4
63.0		5
63.1		4
63.2		5
63.3		4
63.4		4
63.5		2
63.6		1
63.7		0
63.8		2
63.9		3
64.0		5
64.1		3
64.2		2
64.3		0
64.4		0
64.5		0
64.6		1
64.7		2
64.8		3
64.9		2
65.0		0
65.1		0
65.2		3
65.3		2
65.4		0
65.5		0
65.6		0
65.7		0
65.8		4
65.9		0
66.0		0
66.1		0
66.2		3
66.3		4
66.4		2
66.5		0
66.6		2
66.7		3
66.8		4
66.9		5
67.0		5
67.1		1
67.2		0
67.3		1
67.4		1
67.5		4
67.6		4
67.7		5
67.8		3
67.9		5
68.0		2
68.1		3
68.2		0
68.3		4
68.4		1
68.5		2
68.6		3
68.7		1
68.8		2
68.9		4
69.0		4
69.1		3
69.2		3
69.3		1
69.4		1
69.5		0
69.6		1
69.7		0
69.8		2
69.9		5
70.0		5
70.1		0
70.2		0
70.3		2
70.4		1
70.5		3
70.6		5
70.7		5
70.8		4
70.9		2
71.0		4
71.1		1
71.2		0
71.3		0
71.4		1
71.5		3
71.6		0
71.7		1
71.8		0
71.9		1
72.0		0
72.1		3
72.2		5
72.3		3
72.4		4
72.5		3
72.6		3
72.7		3
72.8		1
72.9		2
73.0		3
73.1		5
73.2		4
73.3		0
73.4		0
73.5		0
73.6		0
73.7		1
73.8		2
73.9		0
74.0		0
74.1		3
74.2		5
74.3		5
74.4		5
74.5		5
74.6		2
74.7		2
74.8		2
74.9		3
75.0		0
75.1		1
75.2		1
75.3		5
75.3999		4
75.4999		4
75.5999		2
75.6999		2
75.7999		5
75.8999		4
75.9999		5
76.0999		3
76.1999		1
76.2999		1
76.3999		3
76.4999		2
76.5999		1
76.6999		1
76.7999		1
76.8999		1
76.9999		0
77.0999		4
77.1999		1
77.2999		2
77.3999		4
77.4999		5
77.5999		1
77.6999		2
77.7999		0
77.8999		5
77.9999		3
78.0999		1
78.1999		0
78.2999		0
78.3999		2
78.4999		1
78.5999		3
78.6999		0
78.7999		5
78.8999		3
78.9999		3
79.0999		1
79.1999		2
79.2999		1
79.3999		0
79.4999		2
79.5999		1
79.6999		2
79.7999		4
79.8999		3
79.9999		4
80.0999		4
80.1999		0
80.2999		4
80.3999		4
80.4999		5
80.5999		5
80.6999		3
80.7999		4
80.8999		4
80.9999		4
81.0999		2
81.1999		4
81.2999		2
81.3999		0
81.4999		2
81.5999		3
81.6999		1
81.7999		5
81.8999		5
81.9999		4
82.0999		4
82.1999		4
82.2999		4
82.3999		3
82.4999		5
82.5999		1
82.6999		2
82.7999		2
82.8999		1
82.9999		0
83.0999		1
83.1999		3
83.2999		1
83.3999		4
83.4999		2
83.5999		4
83.6999		5
83.7999		1
83.8999		3
83.9999		5
84.0999		2
84.1999		3
84.2999		2
84.3999		2
84.4999		4
84.5999		3
84.6999		5
84.7999		0
84.8999		0
84.9999		3
85.0999		0
85.1999		2
85.2999		2
85.3999		3
85.4999		1
85.5999		5
85.6999		5
85.7999		4
85.8999		2
85.9999		0
86.0999		1
86.1999		1
86.2999		0
86.3999		1
86.4999		2
86.5999		4
86.6999		0
86.7999		2
86.8999		2
86.9999		3
87.0999		4
87.1999		3
87.2999		2
87.3999		0
87.4999		2
87.5999		4
87.6999		1
87.7999		0
87.8999		0
87.9999		0
88.0999		4
88.1999		1
88.2999		3
88.3999		2
88.4999		0
88.5999		0
88.6999		1
88.7999		0
88.8999		0
88.9999		0
89.0999		1
89.1999		0
89.2999		3
89.3999		0
89.4999		1
89.5999		0
89.6999		3
89.7999		2
89.8999		0
89.9999		1
90.0999		2
90.1999		0
90.2999		0
90.3999		3
90.4999		0
90.5999		2
90.6999		0
90.7999		1
90.8999		1
90.9999		2
91.0999		4
91.1999		5
91.2999		5
91.3999		3
91.4999		1
91.5999		3
91.6999		5
91.7999		1
91.8999		1
91.9999		4
92.0999		2
92.1999		2
92.2999		4
92.3999		0
92.4999		2
92.5999		4
92.6999		4
92.7999		4
92.8999		1
92.9999		2
93.0999		1
93.1999		0
93.2999		3
93.3999		2
93.4999		5
93.5999		1
93.6999		0
93.7999		3
93.8999		0
93.9999		0
94.0999		0
94.1999		1
94.2999		0
94.3999		1
94.4999		2
94.5999		4
94.6999		4
94.7999		3
94.8999		2
94.9999		1
95.0999		2
95.1999		3
95.2999		0
95.3999		0
95.4999		1
95.5999		0
95.6999		0
95.7999		1
95.8999		1
95.9999		0
96.0999		1
96.1999		1
96.2999		1
96.3999		1
96.4999		1
96.5999		5
96.6999		4
96.7999		1
96.8999		1
96.9999		2
97.0999		4
97.1999		3
97.2999		1
97.3999		1
97.4999		0
97.5999		0
97.6999		1
97.7999		2
97.8999		4
97.9999		5
98.0999		5
98.1999		2
98.2999		1
98.3999		2
98.4999		3
98.5999		2
98.6999		0
98.7999		0
98.8999		1
98.9999		0
99.0999		4
99.1999		4
99.2999		4
99.3999		2
99.4999		2
99.5999		3
99.6999		0
99.7999		0
99.8999		1
99.9999		1
