Time 	Number in Queue
0.1		2
0.2		1
0.3		4
0.4		5
0.5		4
0.6		4
0.7		5
0.7999		2
0.9		3
0.9999		3
1.0999		4
1.2		5
1.3		5
1.4		5
1.5		5
1.6		5
1.7		4
1.8		3
1.9		2
2.0		3
2.1		5
2.2		4
2.3		2
2.4		4
2.5		5
2.6		4
2.7		4
2.8		4
2.9		4
3.0		5
3.1		4
3.2		1
3.3		5
3.4		4
3.5		5
3.6		3
3.7		3
3.8		5
3.9		4
4.0		1
4.1		5
4.2		5
4.3		4
4.4		2
4.5		3
4.6		5
4.6999		5
4.7999		5
4.8999		3
4.9999		5
5.0999		5
5.1999		5
5.2999		3
5.3999		4
5.4999		3
5.5999		2
5.6999		5
5.7999		3
5.8999		4
5.9999		3
6.0999		4
6.1999		1
6.2999		3
6.3999		4
6.4999		3
6.5999		5
6.6999		5
6.7999		0
6.8999		2
6.9999		0
7.0999		5
7.1999		2
7.2999		1
7.3999		5
7.4999		3
7.5999		5
7.6999		2
7.7999		4
7.8999		4
7.9999		3
8.0999		5
8.1999		5
8.2999		4
8.3999		5
8.4999		0
8.5999		1
8.6999		3
8.7999		2
8.8999		5
8.9999		0
9.0999		0
9.1999		1
9.2999		5
9.3999		3
9.4999		4
9.5999		4
9.6999		3
9.7999		5
9.8999		5
9.9999		2
10.0999		2
10.1999		5
10.2999		2
10.3999		2
10.4999		5
10.5999		5
10.6999		4
10.7999		5
10.8999		3
10.9999		4
11.0999		2
11.1999		1
11.2999		5
11.3999		2
11.4999		1
11.5999		4
11.6999		4
11.7999		2
11.8999		5
11.9999		4
12.0999		5
12.1999		5
12.2999		3
12.3999		5
12.4999		2
12.5999		3
12.6999		4
12.7999		4
12.8999		4
12.9999		1
13.0999		3
13.1999		3
13.2999		3
13.3999		2
13.4999		1
13.5999		1
13.6999		2
13.7999		4
13.8999		5
13.9999		4
14.0999		1
14.1999		4
14.2999		5
14.3999		3
14.4999		1
14.5999		5
14.6999		5
14.7999		5
14.8999		5
14.9999		5
15.0999		3
15.1999		3
15.2999		4
15.3999		2
15.4999		5
15.5999		4
15.6999		5
15.7999		4
15.8999		5
15.9999		5
16.0999		2
16.1999		5
16.2999		4
16.3999		4
16.4999		4
16.5999		2
16.6999		5
16.7999		5
16.8999		3
16.9999		3
17.0999		3
17.1999		3
17.2999		5
17.3999		4
17.4999		3
17.5999		4
17.6999		5
17.7999		5
17.8999		5
17.9999		1
18.0999		3
18.1999		4
18.2999		3
18.3999		5
18.4999		4
18.5999		4
18.6999		3
18.7999		4
18.9		5
19.0		5
19.1		3
19.2		5
19.3		2
19.4		3
19.5		1
19.6		5
19.7		3
19.8		2
19.9		5
20.0		4
20.1		3
20.2		3
20.3		5
20.4		2
20.5		5
20.6		3
20.7		5
20.8		3
20.9		5
21.0		5
21.1		4
21.2		4
21.3		5
21.4		4
21.5		3
21.6		4
21.7		4
21.8		3
21.9		4
22.0		3
22.1		5
22.2		3
22.3		4
22.4		5
22.5		4
22.6		5
22.7		5
22.8		5
22.9		4
23.0		3
23.1		5
23.2		4
23.3		5
23.4		5
23.5		4
23.6		5
23.7		5
23.8		5
23.9		5
24.0		4
24.1		1
24.2		5
24.3		4
24.4		3
24.5		3
24.6		5
24.7		5
24.8		1
24.9		4
25.0		0
25.1		2
25.2		5
25.3		4
25.4		5
25.5		4
25.6		1
25.7		3
25.8		0
25.9		2
26.0		4
26.1		5
26.2		1
26.3		5
26.4		2
26.5		4
26.6		4
26.7		2
26.8		5
26.9		3
27.0		3
27.1		4
27.2		1
27.3		3
27.4		5
27.5		3
27.6		4
27.7		3
27.8		4
27.9		5
28.0		5
28.1		5
28.2		4
28.3		5
28.4		5
28.5		5
28.6		4
28.7		4
28.8		5
28.9		5
29.0		4
29.1		3
29.2		5
29.3		4
29.4		4
29.5		2
29.6		4
29.7		5
29.8		5
29.9		2
30.0		5
30.1		3
30.2		1
30.3		5
30.4		5
30.5		3
30.6		5
30.7		4
30.8		3
30.9		5
31.0		4
31.1		5
31.2		4
31.3		4
31.4		5
31.5		5
31.6		4
31.7		3
31.8		1
31.9		4
32.0		4
32.1		4
32.2		5
32.3		4
32.4		4
32.5		5
32.6		4
32.7		4
32.8		4
32.9		4
33.0		5
33.1		5
33.2		5
33.3		5
33.4		5
33.5		3
33.6		3
33.7		2
33.8		5
33.9		5
34.0		5
34.1		4
34.2		4
34.3		4
34.4		5
34.5		5
34.6		4
34.7		5
34.8		3
34.9		5
35.0		5
35.1		4
35.2		4
35.3		4
35.4		5
35.5		5
35.6		5
35.7		5
35.8		3
35.9		4
36.0		5
36.1		5
36.2		4
36.3		5
36.4		4
36.5		1
36.6		4
36.7		3
36.8		1
36.9		0
37.0		4
37.1		4
37.2		3
37.3		2
37.4		2
37.5		4
37.6		3
37.7		3
37.8		5
37.9		4
38.0		1
38.1		5
38.2		4
38.3		5
38.4		5
38.5		3
38.6		4
38.7		4
38.8		5
38.9		5
39.0		3
39.1		1
39.2		4
39.3		5
39.4		4
39.5		2
39.6		1
39.7		1
39.8		1
39.9		2
40.0		5
40.1		5
40.2		1
40.3		4
40.4		5
40.5		5
40.6		5
40.7		3
40.8		4
40.9		5
41.0		2
41.1		1
41.2		0
41.3		1
41.4		1
41.5		3
41.6		0
41.7		5
41.8		3
41.9		3
42.0		4
42.1		1
42.2		5
42.3		3
42.4		3
42.5		3
42.6		2
42.7		1
42.8		3
42.9		5
43.0		5
43.1		4
43.2		3
43.3		3
43.4		3
43.5		4
43.6		3
43.7		4
43.8		4
43.9		5
44.0		5
44.1		3
44.2		5
44.3		3
44.4		3
44.5		5
44.6		3
44.7		5
44.8		5
44.9		4
45.0		4
45.1		5
45.2		3
45.3		5
45.4		4
45.5		5
45.6		5
45.7		5
45.8		5
45.9		5
46.0		1
46.1		3
46.2		5
46.3		4
46.4		5
46.5		1
46.6		0
46.7		5
46.8		2
46.9		3
47.0		3
47.1		5
47.2		4
47.3		5
47.4		4
47.5		5
47.6		5
47.7		5
47.8		4
47.9		1
48.0		4
48.1		4
48.2		5
48.3		4
48.4		5
48.5		4
48.6		4
48.7		4
48.8		4
48.9		4
49.0		5
49.1		5
49.2		4
49.3		2
49.4		1
49.5		4
49.6		4
49.7		3
49.8		5
49.9		5
50.0		5
50.1		3
50.2		5
50.3		3
50.4		5
50.5		5
50.6		5
50.7		3
50.8		5
50.9		2
51.0		5
51.1		4
51.2		5
51.3		5
51.4		5
51.5		5
51.6		4
51.7		3
51.8		3
51.9		5
52.0		5
52.1		4
52.2		5
52.3		5
52.4		5
52.5		4
52.6		2
52.7		4
52.8		5
52.9		4
53.0		3
53.1		2
53.2		5
53.3		4
53.4		4
53.5		2
53.6		5
53.7		2
53.8		5
53.9		4
54.0		3
54.1		4
54.2		5
54.3		5
54.4		5
54.5		5
54.6		5
54.7		5
54.8		3
54.9		3
55.0		1
55.1		3
55.2		4
55.3		3
55.4		2
55.5		2
55.6		5
55.7		0
55.8		1
55.9		4
56.0		3
56.1		2
56.2		0
56.3		2
56.4		5
56.5		5
56.6		1
56.7		4
56.8		5
56.9		3
57.0		3
57.1		4
57.2		5
57.3		4
57.4		5
57.5		5
57.6		5
57.7		5
57.8		4
57.9		5
58.0		4
58.1		5
58.2		5
58.3		3
58.4		5
58.5		4
58.6		5
58.7		5
58.8		4
58.9		5
59.0		3
59.1		2
59.2		3
59.3		3
59.4		3
59.5		3
59.6		4
59.7		3
59.8		5
59.9		5
60.0		5
60.1		5
60.2		5
60.3		2
60.4		5
60.5		5
60.6		5
60.7		4
60.8		3
60.9		4
61.0		5
61.1		5
61.2		2
61.3		3
61.4		5
61.5		5
61.6		5
61.7		1
61.8		2
61.9		0
62.0		5
62.1		4
62.2		4
62.3		0
62.4		4
62.5		4
62.6		0
62.7		2
62.8		3
62.9		4
63.0		5
63.1		3
63.2		5
63.3		3
63.4		5
63.5		4
63.6		5
63.7		4
63.8		5
63.9		5
64.0		3
64.1		0
64.2		5
64.3		5
64.4		5
64.5		5
64.6		4
64.7		2
64.8		5
64.9		5
65.0		2
65.1		1
65.2		4
65.3		5
65.4		5
65.5		1
65.6		3
65.7		4
65.8		4
65.9		5
66.0		4
66.1		4
66.2		4
66.3		4
66.4		5
66.5		4
66.6		2
66.7		5
66.8		5
66.9		3
67.0		2
67.1		3
67.2		1
67.3		2
67.4		4
67.5		5
67.6		5
67.7		5
67.8		3
67.9		5
68.0		5
68.1		0
68.2		0
68.3		5
68.4		5
68.5		5
68.6		4
68.7		5
68.8		3
68.9		4
69.0		5
69.1		4
69.2		5
69.3		4
69.4		3
69.5		3
69.6		5
69.7		4
69.8		5
69.9		4
70.0		1
70.1		0
70.2		1
70.3		0
70.4		1
70.5		2
70.6		4
70.7		5
70.8		0
70.9		5
71.0		4
71.1		3
71.2		1
71.3		0
71.4		5
71.5		3
71.6		3
71.7		1
71.8		4
71.9		1
72.0		3
72.1		4
72.2		5
72.3		3
72.4		1
72.5		5
72.6		3
72.7		5
72.8		5
72.9		5
73.0		5
73.1		3
73.2		5
73.3		5
73.4		4
73.5		4
73.6		1
73.7		1
73.8		2
73.9		4
74.0		4
74.1		5
74.2		2
74.3		4
74.4		5
74.5		4
74.6		5
74.7		5
74.8		5
74.9		3
75.0		4
75.1		3
75.2		4
75.3		3
75.3999		4
75.4999		5
75.5999		5
75.6999		3
75.7999		3
75.8999		2
75.9999		2
76.0999		4
76.1999		2
76.2999		0
76.3999		2
76.4999		4
76.5999		1
76.6999		2
76.7999		0
76.8999		2
76.9999		3
77.0999		5
77.1999		5
77.2999		5
77.3999		5
77.4999		4
77.5999		4
77.6999		5
77.7999		5
77.8999		5
77.9999		4
78.0999		3
78.1999		5
78.2999		4
78.3999		1
78.4999		1
78.5999		1
78.6999		2
78.7999		5
78.8999		2
78.9999		3
79.0999		2
79.1999		0
79.2999		4
79.3999		4
79.4999		3
79.5999		4
79.6999		5
79.7999		5
79.8999		1
79.9999		1
80.0999		5
80.1999		5
80.2999		5
80.3999		5
80.4999		5
80.5999		4
80.6999		3
80.7999		3
80.8999		3
80.9999		4
81.0999		3
81.1999		3
81.2999		4
81.3999		4
81.4999		2
81.5999		2
81.6999		5
81.7999		5
81.8999		4
81.9999		4
82.0999		2
82.1999		1
82.2999		5
82.3999		3
82.4999		1
82.5999		5
82.6999		5
82.7999		2
82.8999		4
82.9999		4
83.0999		5
83.1999		5
83.2999		5
83.3999		5
83.4999		5
83.5999		0
83.6999		4
83.7999		5
83.8999		5
83.9999		4
84.0999		3
84.1999		4
84.2999		3
84.3999		4
84.4999		5
84.5999		4
84.6999		2
84.7999		5
84.8999		5
84.9999		4
85.0999		3
85.1999		3
85.2999		5
85.3999		4
85.4999		5
85.5999		4
85.6999		4
85.7999		5
85.8999		2
85.9999		5
86.0999		4
86.1999		3
86.2999		4
86.3999		3
86.4999		3
86.5999		1
86.6999		2
86.7999		5
86.8999		1
86.9999		4
87.0999		2
87.1999		3
87.2999		5
87.3999		4
87.4999		4
87.5999		5
87.6999		5
87.7999		5
87.8999		5
87.9999		5
88.0999		5
88.1999		3
88.2999		5
88.3999		4
88.4999		5
88.5999		5
88.6999		4
88.7999		5
88.8999		5
88.9999		4
89.0999		4
89.1999		4
89.2999		4
89.3999		4
89.4999		5
89.5999		2
89.6999		0
89.7999		2
89.8999		3
89.9999		5
90.0999		5
90.1999		0
90.2999		5
90.3999		4
90.4999		5
90.5999		4
90.6999		5
90.7999		5
90.8999		4
90.9999		2
91.0999		2
91.1999		2
91.2999		4
91.3999		5
91.4999		5
91.5999		5
91.6999		5
91.7999		2
91.8999		2
91.9999		2
92.0999		3
92.1999		3
92.2999		5
92.3999		5
92.4999		4
92.5999		4
92.6999		3
92.7999		5
92.8999		4
92.9999		4
93.0999		4
93.1999		5
93.2999		4
93.3999		5
93.4999		5
93.5999		4
93.6999		5
93.7999		5
93.8999		3
93.9999		3
94.0999		2
94.1999		1
94.2999		5
94.3999		5
94.4999		3
94.5999		4
94.6999		5
94.7999		1
94.8999		3
94.9999		3
95.0999		5
95.1999		4
95.2999		4
95.3999		0
95.4999		4
95.5999		5
95.6999		2
95.7999		4
95.8999		3
95.9999		5
96.0999		3
96.1999		4
96.2999		3
96.3999		3
96.4999		5
96.5999		4
96.6999		4
96.7999		5
96.8999		3
96.9999		5
97.0999		5
97.1999		2
97.2999		3
97.3999		4
97.4999		1
97.5999		4
97.6999		4
97.7999		4
97.8999		5
97.9999		5
98.0999		5
98.1999		0
98.2999		1
98.3999		1
98.4999		5
98.5999		4
98.6999		4
98.7999		2
98.8999		4
98.9999		4
99.0999		3
99.1999		4
99.2999		3
99.3999		2
99.4999		5
99.5999		5
99.6999		5
99.7999		4
99.8999		2
99.9999		2
